10, 19, 0, 0, 0, 1, 16, 16, True, 0.006, True
10, 19, 0, 0, 1, 1, 11, 11, True, 0.0061, True
10, 19, 0, 0, 2, 2, 12, 12, True, 0.0121, True
10, 19, 0, 0, 3, 2, 17, 17, True, 0.0121, True
10, 19, 0, 0, 4, 3, 18, 18, True, 0.0181, True
10, 19, 0, 0, 5, 3, 16, 16, True, 0.0182, True
10, 19, 0, 0, 6, 4, 8, 16, False, 0.0243, True
10, 19, 0, 0, 7, 3, 16, 16, True, 0.0182, True
10, 19, 0, 0, 8, 3, 11, 11, True, 0.0182, True
10, 19, 0, 0, 9, 4, 16, 8, False, 0.0242, True
10, 19, 0, 0, 10, 3, 11, 11, True, 0.0182, True
10, 19, 0, 0, 11, 3, 8, 16, False, 0.0182, True
10, 19, 0, 0, 12, 2, 13, 13, True, 0.0121, True
10, 19, 0, 0, 13, 2, 11, 11, True, 0.0121, True
10, 19, 0, 0, 14, 3, 12, 12, True, 0.0181, True
10, 19, 0, 0, 15, 3, 8, 8, True, 0.0182, True
10, 19, 0, 0, 16, 4, 13, 13, True, 0.0242, True
10, 19, 0, 0, 17, 4, 8, 16, False, 0.0243, True
10, 19, 0, 0, 18, 3, 11, 6, False, 0.0182, True
10, 19, 0, 0, 19, 2, 18, 18, True, 0.0121, True
10, 19, 1, 1, 0, 15, 12, 12, True, 0.0908, True
10, 19, 1, 1, 1, 15, 17, 17, True, 0.0908, True
10, 19, 1, 1, 2, 12, 18, 18, True, 0.0726, True
10, 19, 1, 1, 3, 12, 13, 13, True, 0.0727, True
10, 19, 1, 1, 4, 9, 12, 12, True, 0.0545, True
10, 19, 1, 1, 5, 9, 16, 16, True, 0.0545, True
10, 19, 1, 1, 6, 6, 18, 11, False, 0.0363, True
10, 19, 1, 1, 7, 9, 12, 12, True, 0.0545, True
10, 19, 1, 1, 8, 9, 7, 7, True, 0.0545, True
10, 19, 1, 1, 9, 6, 6, 6, True, 0.0363, True
10, 19, 1, 1, 10, 6, 11, 11, True, 0.0363, True
10, 19, 1, 1, 11, 3, 11, 12, False, 0.0181, True
10, 19, 1, 1, 12, 6, 17, 17, True, 0.0363, True
10, 19, 1, 1, 13, 6, 11, 12, False, 0.0363, True
10, 19, 1, 1, 14, 9, 11, 11, True, 0.0545, True
10, 19, 1, 1, 15, 9, 6, 6, True, 0.0545, True
10, 19, 1, 1, 16, 6, 17, 7, False, 0.0363, True
10, 19, 1, 1, 17, 9, 11, 16, False, 0.0545, True
10, 19, 1, 1, 18, 12, 7, 7, True, 0.0727, True
10, 19, 1, 1, 19, 12, 6, 6, True, 0.0727, True
10, 19, 2, 0, 0, 2, 7, 16, False, 0.0121, True
10, 19, 2, 0, 1, 1, 16, 16, True, 0.0061, True
10, 19, 2, 0, 2, 1, 16, 16, True, 0.0061, True
10, 19, 2, 0, 3, 2, 13, 13, True, 0.0121, True
10, 19, 2, 0, 4, 2, 8, 8, True, 0.0121, True
10, 19, 2, 0, 5, 3, 13, 13, True, 0.0182, True
10, 19, 2, 0, 6, 3, 8, 8, True, 0.0182, True
10, 19, 2, 0, 7, 4, 16, 16, True, 0.0242, True
10, 19, 2, 0, 8, 4, 18, 12, False, 0.0242, True
10, 19, 2, 0, 9, 3, 8, 8, True, 0.0182, True
10, 19, 2, 0, 10, 3, 13, 13, True, 0.0182, True
10, 19, 2, 0, 11, 4, 17, 17, True, 0.0242, True
10, 19, 2, 0, 12, 4, 6, 6, True, 0.0242, True
10, 19, 2, 0, 13, 5, 11, 16, False, 0.0303, True
10, 19, 2, 0, 14, 4, 12, 6, False, 0.0243, True
10, 19, 2, 0, 15, 3, 11, 11, True, 0.0182, True
10, 19, 2, 0, 16, 3, 17, 17, True, 0.0182, True
10, 19, 2, 0, 17, 4, 13, 13, True, 0.0242, True
10, 19, 2, 0, 18, 4, 8, 8, True, 0.0242, True
10, 19, 2, 0, 19, 5, 16, 16, True, 0.0303, True
10, 19, 2, 0, 20, 5, 7, 8, False, 0.0303, True
10, 19, 2, 0, 21, 4, 7, 11, False, 0.0243, True
10, 19, 2, 0, 22, 3, 12, -1, False, 0.0182, True
10, 19, 2, 0, 23, 2, 12, 12, True, 0.0121, True
10, 19, 2, 0, 24, 2, 7, 7, True, 0.0122, True
10, 19, 2, 0, 25, 3, 8, 8, True, 0.0181, True
10, 19, 2, 0, 26, 3, 13, 13, True, 0.0182, True
10, 19, 2, 0, 27, 4, 17, 17, True, 0.0242, True
10, 19, 2, 0, 28, 4, 13, 13, True, 0.0243, True
10, 19, 2, 0, 29, 5, 11, 11, True, 0.0303, True
10, 19, 2, 0, 30, 5, 13, 7, False, 0.0303, True
10, 19, 2, 0, 31, 4, 11, 6, False, 0.0242, True
10, 19, 2, 0, 32, 3, 11, 11, True, 0.0182, True
10, 19, 2, 0, 33, 3, 12, 12, True, 0.0181, True
10, 19, 2, 0, 34, 4, 13, 13, True, 0.0242, True
10, 19, 2, 0, 35, 4, 11, 11, True, 0.0242, True
10, 19, 2, 0, 36, 5, 13, 11, False, 0.0303, True
10, 19, 2, 0, 37, 4, 18, 18, True, 0.0242, True
10, 19, 2, 0, 38, 4, 17, 18, False, 0.0243, True
10, 19, 2, 0, 39, 3, 7, 7, True, 0.0182, True
10, 19, 2, 0, 40, 3, 16, 16, True, 0.0181, True
10, 19, 2, 0, 41, 4, 13, 16, False, 0.0242, True
10, 19, 2, 0, 42, 3, 6, 6, True, 0.0182, True
10, 19, 2, 0, 43, 3, 11, 16, False, 0.0182, True
10, 19, 2, 0, 44, 2, 12, 12, True, 0.0121, True
10, 19, 2, 0, 45, 2, 11, 11, True, 0.0121, True
10, 19, 2, 0, 46, 3, 18, 18, True, 0.0182, True
10, 19, 2, 0, 47, 3, 16, 16, True, 0.0182, True
10, 19, 2, 0, 48, 4, 7, 7, True, 0.0242, True
10, 19, 2, 0, 49, 4, 8, 8, True, 0.0242, True
10, 19, 2, 0, 50, 5, 17, 18, False, 0.0303, True
10, 19, 2, 0, 51, 4, 12, 12, True, 0.0242, True
10, 19, 2, 0, 52, 4, 16, 16, True, 0.0242, True
10, 19, 2, 0, 53, 5, 13, 16, False, 0.0303, True
10, 19, 2, 0, 54, 4, 17, 17, True, 0.0242, True
10, 19, 2, 0, 55, 4, 13, 18, False, 0.0243, True
10, 19, 2, 0, 56, 3, 11, 11, True, 0.0182, True
10, 19, 2, 0, 57, 3, 12, 12, True, 0.0182, True
10, 19, 2, 0, 58, 4, 16, 8, False, 0.0242, True
10, 19, 2, 0, 59, 3, 6, 16, False, 0.0182, True
10, 19, 2, 0, 60, 2, 11, 11, True, 0.0121, True
10, 19, 2, 0, 61, 2, 12, 12, True, 0.0121, True
10, 19, 2, 0, 62, 3, 16, 16, True, 0.0182, True
10, 19, 2, 0, 63, 3, 12, 13, False, 0.0182, True
10, 19, 2, 0, 64, 2, 13, 12, False, 0.0122, True
10, 19, 3, 1, 0, 9, 12, 12, True, 0.0545, True
10, 19, 3, 1, 1, 9, 11, 11, True, 0.0545, True
10, 19, 3, 1, 2, 8, 11, 11, True, 0.0484, True
10, 19, 3, 1, 3, 8, 17, 17, True, 0.0484, True
10, 19, 3, 1, 4, 7, 13, 13, True, 0.0424, True
10, 19, 3, 1, 5, 7, 13, 13, True, 0.0424, True
10, 19, 3, 1, 6, 6, 11, 12, False, 0.0363, True
10, 19, 3, 1, 7, 7, 16, 16, True, 0.0424, True
10, 19, 3, 1, 8, 7, 12, 12, True, 0.0424, True
10, 19, 3, 1, 9, 6, 13, 13, True, 0.0363, True
10, 19, 3, 1, 10, 6, 6, 6, True, 0.0363, True
10, 19, 3, 1, 11, 5, 11, 11, True, 0.0303, True
10, 19, 3, 1, 12, 5, 18, 18, True, 0.0303, True
10, 19, 3, 1, 13, 4, 12, 12, True, 0.0242, True
10, 19, 3, 1, 14, 4, 8, 8, True, 0.0242, True
10, 19, 3, 1, 15, 3, 7, 8, False, 0.0181, True
10, 19, 3, 1, 16, 4, 18, 18, True, 0.0242, True
10, 19, 3, 1, 17, 4, 13, 18, False, 0.0242, True
10, 19, 3, 1, 18, 5, 17, 17, True, 0.0303, True
10, 19, 3, 1, 19, 5, 18, 18, True, 0.0303, True
10, 19, 3, 1, 20, 4, 18, 6, False, 0.0242, True
10, 19, 3, 1, 21, 5, 17, 17, True, 0.0303, True
10, 19, 3, 1, 22, 5, 17, -1, False, 0.0303, True
10, 19, 3, 1, 23, 6, 18, 18, True, 0.0363, True
10, 19, 3, 1, 24, 6, 12, 12, True, 0.0363, True
10, 19, 3, 1, 25, 5, 13, 13, True, 0.0303, True
10, 19, 3, 1, 26, 5, 7, 7, True, 0.0303, True
10, 19, 3, 1, 27, 4, 7, 17, False, 0.0242, True
10, 19, 3, 1, 28, 5, 6, 6, True, 0.0303, True
10, 19, 3, 1, 29, 5, 13, 13, True, 0.0303, True
10, 19, 3, 1, 30, 4, 7, 7, True, 0.0242, True
10, 19, 3, 1, 31, 4, 18, 17, False, 0.0242, True
10, 19, 3, 1, 32, 5, 7, 7, True, 0.0303, True
10, 19, 3, 1, 33, 5, 16, 18, False, 0.0302, True
10, 19, 3, 1, 34, 6, 18, 18, True, 0.0363, True
10, 19, 3, 1, 35, 6, 13, 13, True, 0.0363, True
10, 19, 3, 1, 36, 5, 11, 11, True, 0.0303, True
10, 19, 3, 1, 37, 5, 6, 6, True, 0.0303, True
10, 19, 3, 1, 38, 4, 6, 6, True, 0.0242, True
10, 19, 3, 1, 39, 4, 18, 18, True, 0.0242, True
10, 19, 3, 1, 40, 3, 18, 6, False, 0.0182, True
10, 19, 3, 1, 41, 4, 8, 8, True, 0.0242, True
10, 19, 3, 1, 42, 4, 17, 17, True, 0.0242, True
10, 19, 3, 1, 43, 3, 17, 17, True, 0.0181, True
10, 19, 3, 1, 44, 3, 11, 16, False, 0.0181, True
10, 19, 3, 1, 45, 4, 7, 7, True, 0.0242, True
10, 19, 3, 1, 46, 4, 13, -1, False, 0.0242, True
10, 19, 3, 1, 47, 5, 17, 16, False, 0.0303, True
10, 19, 3, 1, 48, 6, 16, 16, True, 0.0364, True
10, 19, 3, 1, 49, 6, 11, 8, False, 0.0363, True
10, 19, 3, 1, 50, 7, 17, 17, True, 0.0424, True
10, 19, 3, 1, 51, 7, 8, 8, True, 0.0424, True
10, 19, 3, 1, 52, 6, 17, 17, True, 0.0364, True
10, 19, 3, 1, 53, 6, 11, 11, True, 0.0363, True
10, 19, 3, 1, 54, 5, 6, 6, True, 0.0303, True
10, 19, 3, 1, 55, 5, 16, 16, True, 0.0303, True
10, 19, 3, 1, 56, 4, 6, 6, True, 0.0242, True
10, 19, 3, 1, 57, 4, 11, 11, True, 0.0242, True
10, 19, 3, 1, 58, 3, 13, 13, True, 0.0182, True
10, 19, 3, 1, 59, 3, 6, 6, True, 0.0182, True
10, 19, 3, 1, 60, 2, 17, 18, False, 0.0121, True
10, 19, 3, 1, 61, 3, 13, 6, False, 0.0181, True
10, 19, 3, 1, 62, 4, 17, 17, True, 0.0242, True
10, 19, 3, 1, 63, 4, 16, 12, False, 0.0242, True
10, 19, 3, 1, 64, 5, 8, 12, False, 0.0302, True
10, 19, 4, 0, 0, 1, 13, 13, True, 0.0061, True
10, 19, 4, 0, 1, 1, 17, 16, False, 0.0061, True
10, 19, 4, 0, 2, 1, 11, 11, True, 0.006, True
10, 19, 4, 0, 3, 1, 18, 18, True, 0.0061, True
10, 19, 4, 0, 4, 2, 16, 16, True, 0.0121, True
10, 19, 4, 0, 5, 2, 12, 12, True, 0.0121, True
10, 19, 4, 0, 6, 3, 18, 18, True, 0.0182, True
10, 19, 4, 0, 7, 3, 18, 18, True, 0.0182, True
10, 19, 4, 0, 8, 4, 12, 12, True, 0.0242, True
10, 19, 4, 0, 9, 4, 7, 7, True, 0.0242, True
10, 19, 4, 0, 10, 5, 6, 18, False, 0.0303, True
10, 19, 4, 0, 11, 4, 7, 7, True, 0.0242, True
10, 19, 4, 0, 12, 4, 13, 13, True, 0.0242, True
10, 19, 4, 0, 13, 5, 12, 7, False, 0.0303, True
10, 19, 4, 0, 14, 4, 11, 11, True, 0.0243, True
10, 19, 4, 0, 15, 4, 11, 6, False, 0.0243, True
10, 19, 4, 0, 16, 3, 16, 16, True, 0.0182, True
10, 19, 4, 0, 17, 3, 6, 6, True, 0.0182, True
10, 19, 4, 0, 18, 4, 12, 12, True, 0.0243, True
10, 19, 4, 0, 19, 4, 16, 16, True, 0.0242, True
10, 19, 4, 0, 20, 5, 12, 12, True, 0.0303, True
10, 19, 4, 0, 21, 5, 12, 12, True, 0.0303, True
10, 19, 4, 0, 22, 6, 16, 16, True, 0.0363, True
10, 19, 4, 0, 23, 6, 7, 12, False, 0.0363, True
10, 19, 4, 0, 24, 5, 11, 8, False, 0.0303, True
10, 19, 4, 0, 25, 4, 7, 7, True, 0.0242, True
10, 19, 4, 0, 26, 4, 12, 16, False, 0.0242, True
10, 19, 4, 0, 27, 3, 7, 7, True, 0.0182, True
10, 19, 4, 0, 28, 3, 18, 18, True, 0.0181, True
10, 19, 4, 0, 29, 4, 17, 17, True, 0.0242, True
10, 19, 4, 0, 30, 4, 11, 11, True, 0.0242, True
10, 19, 4, 0, 31, 5, 12, 11, False, 0.0303, True
10, 19, 4, 0, 32, 4, 7, 7, True, 0.0242, True
10, 19, 4, 0, 33, 4, 8, 8, True, 0.0242, True
10, 19, 4, 0, 34, 5, 16, 16, True, 0.0303, True
10, 19, 4, 0, 35, 5, 12, 12, True, 0.0303, True
10, 19, 4, 0, 36, 6, 12, 8, False, 0.0363, True
10, 19, 4, 0, 37, 5, 13, 13, True, 0.0302, True
10, 19, 4, 0, 38, 5, 8, 8, True, 0.0303, True
10, 19, 4, 0, 39, 6, 6, 16, False, 0.0363, True
10, 19, 4, 0, 40, 5, 17, -1, False, 0.0303, True
10, 19, 4, 0, 41, 4, 7, 7, True, 0.0242, True
10, 19, 4, 0, 42, 4, 16, 16, True, 0.0242, True
10, 19, 4, 0, 43, 5, 16, 16, True, 0.0303, True
10, 19, 4, 0, 44, 5, 18, 18, True, 0.0303, True
10, 19, 4, 0, 45, 6, 11, 13, False, 0.0363, True
10, 19, 4, 0, 46, 5, 8, 8, True, 0.0303, True
10, 19, 4, 0, 47, 5, 7, 7, True, 0.0303, True
10, 19, 4, 0, 48, 6, 7, 7, True, 0.0363, True
10, 19, 4, 0, 49, 6, 13, 17, False, 0.0363, True
10, 19, 4, 0, 50, 5, 16, 16, True, 0.0303, True
10, 19, 4, 0, 51, 5, 6, 6, True, 0.0303, True
10, 19, 4, 0, 52, 6, 11, 11, True, 0.0363, True
10, 19, 4, 0, 53, 6, 6, 8, False, 0.0363, True
10, 19, 4, 0, 54, 5, 18, 18, True, 0.0303, True
10, 19, 4, 0, 55, 5, 13, 8, False, 0.0303, True
10, 19, 4, 0, 56, 4, 18, 18, True, 0.0242, True
10, 19, 4, 0, 57, 4, 16, 16, True, 0.0242, True
10, 19, 4, 0, 58, 5, 16, 16, True, 0.0303, True
10, 19, 4, 0, 59, 5, 18, 17, False, 0.0303, True
10, 19, 4, 0, 60, 4, 16, 16, True, 0.0242, True
10, 19, 4, 0, 61, 4, 13, 18, False, 0.0242, True
10, 19, 4, 0, 62, 3, 18, 18, True, 0.0182, True
10, 19, 4, 0, 63, 3, 17, 17, True, 0.0182, True
10, 19, 4, 0, 64, 4, 12, 17, False, 0.0242, True
10, 19, 5, 1, 0, 6, 8, 8, True, 0.0363, True
10, 19, 5, 1, 1, 6, 12, 12, True, 0.0363, True
10, 19, 5, 1, 2, 5, 18, 18, True, 0.0303, True
10, 19, 5, 1, 3, 5, 6, 12, False, 0.0303, True
10, 19, 5, 1, 4, 6, 13, 13, True, 0.0363, True
10, 19, 5, 1, 5, 6, 6, 6, True, 0.0363, True
10, 19, 5, 1, 6, 5, 11, 11, True, 0.0303, True
10, 19, 5, 1, 7, 5, 6, 6, True, 0.0303, True
10, 19, 5, 1, 8, 4, 18, 18, True, 0.0242, True
10, 19, 5, 1, 9, 4, 6, 6, True, 0.0242, True
10, 19, 5, 1, 10, 3, 7, 13, False, 0.0182, True
10, 19, 5, 1, 11, 4, 8, 8, True, 0.0243, True
10, 19, 5, 1, 12, 4, 8, 8, True, 0.0242, True
10, 19, 5, 1, 13, 3, 11, 12, False, 0.0182, True
10, 19, 5, 1, 14, 4, 13, 13, True, 0.0241, True
10, 19, 5, 1, 15, 4, 7, 14, False, 0.0243, True
10, 19, 5, 1, 16, 5, 13, 13, True, 0.0302, True
10, 19, 5, 1, 17, 5, 11, 11, True, 0.0303, True
10, 19, 5, 1, 18, 4, 8, 8, True, 0.0242, True
10, 19, 5, 1, 19, 4, 12, 12, True, 0.0242, True
10, 19, 5, 1, 20, 3, 6, 13, False, 0.0182, True
10, 19, 5, 1, 21, 4, 18, 6, False, 0.0243, True
10, 19, 5, 1, 22, 5, 12, 12, True, 0.0303, True
10, 19, 5, 1, 23, 5, 18, 17, False, 0.0303, True
10, 19, 5, 1, 24, 6, 17, 17, True, 0.0363, True
10, 19, 5, 1, 25, 6, 8, 8, True, 0.0363, True
10, 19, 5, 1, 26, 5, 18, 18, True, 0.0303, True
10, 19, 5, 1, 27, 5, 13, 13, True, 0.0303, True
10, 19, 5, 1, 28, 4, 18, 18, True, 0.0242, True
10, 19, 5, 1, 29, 4, 7, 7, True, 0.0242, True
10, 19, 5, 1, 30, 3, 13, 13, True, 0.0181, True
10, 19, 5, 1, 31, 3, 17, 17, True, 0.0182, True
10, 19, 5, 1, 32, 2, 16, 17, False, 0.0121, True
10, 19, 5, 1, 33, 3, 16, 16, True, 0.0182, True
10, 19, 5, 1, 34, 3, 8, 8, True, 0.0182, True
10, 19, 5, 1, 35, 2, 7, 18, False, 0.0121, True
10, 19, 5, 1, 36, 3, 6, 6, True, 0.0182, True
10, 19, 5, 1, 37, 3, 12, 12, True, 0.0182, True
10, 19, 5, 1, 38, 2, 7, 12, False, 0.0121, True
10, 19, 5, 1, 39, 3, 6, 7, False, 0.0182, True
10, 19, 5, 1, 40, 4, 11, -1, False, 0.0242, True
10, 19, 5, 1, 41, 5, 11, 12, False, 0.0303, True
10, 19, 5, 1, 42, 6, 13, 13, True, 0.0363, True
10, 19, 5, 1, 43, 6, 17, 18, False, 0.0363, True
10, 19, 5, 1, 44, 7, 7, 7, True, 0.0424, True
10, 19, 5, 1, 45, 7, 8, 8, True, 0.0424, True
10, 19, 5, 1, 46, 6, 11, 12, False, 0.0363, True
10, 19, 5, 1, 47, 7, 6, 1, False, 0.0423, True
10, 19, 5, 1, 48, 8, 18, 18, True, 0.0484, True
10, 19, 5, 1, 49, 8, 18, 18, True, 0.0485, True
10, 19, 5, 1, 50, 7, 7, 2, False, 0.0424, True
10, 19, 5, 1, 51, 8, 11, 11, True, 0.0484, True
10, 19, 5, 1, 52, 8, 13, 13, True, 0.0485, True
10, 19, 5, 1, 53, 7, 8, 8, True, 0.0424, True
10, 19, 5, 1, 54, 7, 13, 18, False, 0.0424, True
10, 19, 5, 1, 55, 8, 8, 8, True, 0.0484, True
10, 19, 5, 1, 56, 8, 13, 13, True, 0.0485, True
10, 19, 5, 1, 57, 7, 11, 11, True, 0.0423, True
10, 19, 5, 1, 58, 7, 7, 7, True, 0.0424, True
10, 19, 5, 1, 59, 6, 8, 8, True, 0.0363, True
10, 19, 5, 1, 60, 6, 12, 12, True, 0.0364, True
10, 19, 5, 1, 61, 5, 12, 12, True, 0.0302, True
10, 19, 5, 1, 62, 5, 16, 12, False, 0.0303, True
10, 19, 5, 1, 63, 6, 18, 4, False, 0.0364, True
10, 19, 5, 1, 64, 7, 16, 16, True, 0.0424, True
11, 20, 0, 0, 0, 1, 6, 16, False, 0.006, True
11, 20, 0, 0, 1, 1, 8, 8, True, 0.0061, True
11, 20, 0, 0, 2, 1, 12, 12, True, 0.0061, True
11, 20, 0, 0, 3, 2, 16, 16, True, 0.0121, True
11, 20, 0, 0, 4, 2, 17, 17, True, 0.0121, True
11, 20, 0, 0, 5, 3, 12, 12, True, 0.0182, True
11, 20, 0, 0, 6, 3, 11, 11, True, 0.0182, True
11, 20, 0, 0, 7, 4, 16, 16, True, 0.0242, True
11, 20, 0, 0, 8, 4, 16, 17, False, 0.0243, True
11, 20, 0, 0, 9, 3, 16, 16, True, 0.0182, True
11, 20, 0, 0, 10, 3, 8, 8, True, 0.0181, True
11, 20, 0, 0, 11, 4, 6, 8, False, 0.0242, True
11, 20, 0, 0, 12, 3, 12, 12, True, 0.0182, True
11, 20, 0, 0, 13, 3, 7, 8, False, 0.0182, True
11, 20, 0, 0, 14, 2, 16, 16, True, 0.0121, True
11, 20, 0, 0, 15, 2, 6, 12, False, 0.0121, True
11, 20, 0, 0, 16, 1, 7, 7, True, 0.0061, True
11, 20, 0, 0, 17, 1, 7, 7, True, 0.006, True
11, 20, 0, 0, 18, 2, 17, 17, True, 0.0121, True
11, 20, 0, 0, 19, 2, 17, 17, True, 0.0121, True
11, 20, 1, 1, 0, 15, 7, 7, True, 0.0908, True
11, 20, 1, 1, 1, 15, 16, 16, True, 0.0908, True
11, 20, 1, 1, 2, 12, 13, 13, True, 0.0727, True
11, 20, 1, 1, 3, 12, 13, 13, True, 0.0727, True
11, 20, 1, 1, 4, 9, 16, 15, False, 0.0545, True
11, 20, 1, 1, 5, 12, 8, 8, True, 0.0727, True
11, 20, 1, 1, 6, 12, 18, 18, True, 0.0727, True
11, 20, 1, 1, 7, 9, 6, 6, True, 0.0545, True
11, 20, 1, 1, 8, 9, 6, 6, True, 0.0545, True
11, 20, 1, 1, 9, 6, 8, 8, True, 0.0363, True
11, 20, 1, 1, 10, 6, 6, 6, True, 0.0363, True
11, 20, 1, 1, 11, 3, 12, 16, False, 0.0182, True
11, 20, 1, 1, 12, 6, 17, 20, False, 0.0363, True
11, 20, 1, 1, 13, 9, 17, 17, True, 0.0545, True
11, 20, 1, 1, 14, 9, 17, -1, False, 0.0545, True
11, 20, 1, 1, 15, 12, 18, 18, True, 0.0726, True
11, 20, 1, 1, 16, 12, 17, 17, True, 0.0727, True
11, 20, 1, 1, 17, 9, 17, 8, False, 0.0545, True
11, 20, 1, 1, 18, 12, 16, 16, True, 0.0727, True
11, 20, 1, 1, 19, 12, 12, 6, False, 0.0727, True
11, 20, 2, 0, 0, 3, 17, 18, False, 0.0182, True
11, 20, 2, 0, 1, 2, 8, 8, True, 0.0121, True
11, 20, 2, 0, 2, 2, 11, 11, True, 0.0122, True
11, 20, 2, 0, 3, 3, 16, 16, True, 0.0182, True
11, 20, 2, 0, 4, 3, 11, 11, True, 0.0181, True
11, 20, 2, 0, 5, 4, 12, -1, False, 0.0242, True
11, 20, 2, 0, 6, 3, 16, 16, True, 0.0182, True
11, 20, 2, 0, 7, 3, 6, 13, False, 0.0182, True
11, 20, 2, 0, 8, 2, 8, 8, True, 0.0121, True
11, 20, 2, 0, 9, 2, 6, 6, True, 0.0121, True
11, 20, 2, 0, 10, 3, 18, 18, True, 0.0181, True
11, 20, 2, 0, 11, 3, 13, 13, True, 0.0182, True
11, 20, 2, 0, 12, 4, 6, 6, True, 0.0242, True
11, 20, 2, 0, 13, 4, 18, 11, False, 0.0242, True
11, 20, 2, 0, 14, 3, 16, 16, True, 0.0181, True
11, 20, 2, 0, 15, 3, 16, 11, False, 0.0182, True
11, 20, 2, 0, 16, 2, 8, 8, True, 0.0121, True
11, 20, 2, 0, 17, 2, 12, 7, False, 0.0121, True
11, 20, 2, 0, 18, 1, 12, 13, False, 0.0061, True
11, 20, 2, 0, 19, 1, 7, 7, True, 0.0061, True
11, 20, 2, 0, 20, 1, 8, 8, True, 0.0061, True
11, 20, 2, 0, 21, 2, 11, 11, True, 0.0121, True
11, 20, 2, 0, 22, 2, 7, 7, True, 0.0121, True
11, 20, 2, 0, 23, 3, 16, 11, False, 0.0182, True
11, 20, 2, 0, 24, 2, 13, 13, True, 0.0121, True
11, 20, 2, 0, 25, 2, 17, 17, True, 0.0122, True
11, 20, 2, 0, 26, 3, 7, 7, True, 0.0181, True
11, 20, 2, 0, 27, 3, 11, -1, False, 0.0181, True
11, 20, 2, 0, 28, 2, 17, 11, False, 0.0121, True
11, 20, 2, 0, 29, 1, 6, 6, True, 0.0061, True
11, 20, 2, 0, 30, 1, 17, 12, False, 0.0061, True
11, 20, 2, 0, 31, 1, 13, 13, True, 0.006, True
11, 20, 2, 0, 32, 1, 11, 11, True, 0.0061, True
11, 20, 2, 0, 33, 2, 6, 12, False, 0.0121, True
11, 20, 2, 0, 34, 1, 13, 13, True, 0.0061, True
11, 20, 2, 0, 35, 1, 16, 6, False, 0.0061, True
11, 20, 2, 0, 36, 1, 7, 7, True, 0.0061, True
11, 20, 2, 0, 37, 1, 17, 17, True, 0.0061, True
11, 20, 2, 0, 38, 2, 17, 17, True, 0.0121, True
11, 20, 2, 0, 39, 2, 13, 13, True, 0.0121, True
11, 20, 2, 0, 40, 3, 17, 18, False, 0.0181, True
11, 20, 2, 0, 41, 2, 6, 12, False, 0.0121, True
11, 20, 2, 0, 42, 1, 18, 13, False, 0.0061, True
11, 20, 2, 0, 43, 1, 8, 8, True, 0.0061, True
11, 20, 2, 0, 44, 1, 13, 13, True, 0.0061, True
11, 20, 2, 0, 45, 2, 11, 11, True, 0.0121, True
11, 20, 2, 0, 46, 2, 13, 13, True, 0.0121, True
11, 20, 2, 0, 47, 3, 6, 18, False, 0.0182, True
11, 20, 2, 0, 48, 2, 8, 8, True, 0.0121, True
11, 20, 2, 0, 49, 2, 11, 8, False, 0.0121, True
11, 20, 2, 0, 50, 1, 13, 13, True, 0.006, True
11, 20, 2, 0, 51, 1, 17, 17, True, 0.0061, True
11, 20, 2, 0, 52, 2, 12, 12, True, 0.0121, True
11, 20, 2, 0, 53, 2, 8, 8, True, 0.0121, True
11, 20, 2, 0, 54, 3, 13, 13, True, 0.0182, True
11, 20, 2, 0, 55, 3, 16, 6, False, 0.0182, True
11, 20, 2, 0, 56, 2, 12, 17, False, 0.0121, True
11, 20, 2, 0, 57, 1, 12, 12, True, 0.006, True
11, 20, 2, 0, 58, 1, 12, 12, True, 0.0061, True
11, 20, 2, 0, 59, 2, 6, 7, False, 0.0121, True
11, 20, 2, 0, 60, 1, 16, 16, True, 0.0061, True
11, 20, 2, 0, 61, 1, 8, 8, True, 0.0061, True
11, 20, 2, 0, 62, 2, 7, 7, True, 0.0121, True
11, 20, 2, 0, 63, 2, 18, 18, True, 0.0121, True
11, 20, 2, 0, 64, 3, 11, 12, False, 0.0182, True
11, 20, 3, 1, 0, 15, 8, 8, True, 0.0908, True
11, 20, 3, 1, 1, 15, 12, 12, True, 0.0908, True
11, 20, 3, 1, 2, 14, 17, 12, False, 0.0848, True
11, 20, 3, 1, 3, 15, 12, 17, False, 0.0908, True
11, 20, 3, 1, 4, 16, 8, 8, True, 0.0969, True
11, 20, 3, 1, 5, 16, 17, 17, True, 0.0969, True
11, 20, 3, 1, 6, 15, 13, 18, False, 0.0908, True
11, 20, 3, 1, 7, 16, 12, 12, True, 0.0969, True
11, 20, 3, 1, 8, 16, 17, 17, True, 0.0969, True
11, 20, 3, 1, 9, 15, 17, 17, True, 0.0908, True
11, 20, 3, 1, 10, 15, 6, 6, True, 0.0908, True
11, 20, 3, 1, 11, 14, 18, 18, True, 0.0848, True
11, 20, 3, 1, 12, 14, 12, 12, True, 0.0848, True
11, 20, 3, 1, 13, 13, 7, 7, True, 0.0787, True
11, 20, 3, 1, 14, 13, 18, 18, True, 0.0787, True
11, 20, 3, 1, 15, 12, 11, 11, True, 0.0727, True
11, 20, 3, 1, 16, 12, 11, 12, False, 0.0727, True
11, 20, 3, 1, 17, 13, 13, 13, True, 0.0787, True
11, 20, 3, 1, 18, 13, 16, 16, True, 0.0787, True
11, 20, 3, 1, 19, 12, 11, 11, True, 0.0727, True
11, 20, 3, 1, 20, 12, 18, 18, True, 0.0727, True
11, 20, 3, 1, 21, 11, 8, 8, True, 0.0666, True
11, 20, 3, 1, 22, 11, 13, 13, True, 0.0666, True
11, 20, 3, 1, 23, 10, 11, 11, True, 0.0606, True
11, 20, 3, 1, 24, 10, 8, -1, False, 0.0606, True
11, 20, 3, 1, 25, 11, 7, 7, True, 0.0666, True
11, 20, 3, 1, 26, 11, 12, 12, True, 0.0666, True
11, 20, 3, 1, 27, 10, 7, 7, True, 0.0605, True
11, 20, 3, 1, 28, 10, 6, 6, True, 0.0606, True
11, 20, 3, 1, 29, 9, 13, 13, True, 0.0545, True
11, 20, 3, 1, 30, 9, 11, 11, True, 0.0545, True
11, 20, 3, 1, 31, 8, 12, 12, True, 0.0484, True
11, 20, 3, 1, 32, 8, 12, 12, True, 0.0484, True
11, 20, 3, 1, 33, 7, 12, 12, True, 0.0424, True
11, 20, 3, 1, 34, 7, 18, 18, True, 0.0424, True
11, 20, 3, 1, 35, 6, 16, 16, True, 0.0363, True
11, 20, 3, 1, 36, 6, 12, 12, True, 0.0363, True
11, 20, 3, 1, 37, 5, 6, 16, False, 0.0303, True
11, 20, 3, 1, 38, 6, 6, 15, False, 0.0364, True
11, 20, 3, 1, 39, 7, 13, 13, True, 0.0424, True
11, 20, 3, 1, 40, 7, 18, -1, False, 0.0424, True
11, 20, 3, 1, 41, 8, 7, 7, True, 0.0484, True
11, 20, 3, 1, 42, 8, 8, 19, False, 0.0485, True
11, 20, 3, 1, 43, 9, 17, 17, True, 0.0545, True
11, 20, 3, 1, 44, 9, 12, 12, True, 0.0545, True
11, 20, 3, 1, 45, 8, 18, 18, True, 0.0484, True
11, 20, 3, 1, 46, 8, 12, 16, False, 0.0484, True
11, 20, 3, 1, 47, 9, 12, 12, True, 0.0545, True
11, 20, 3, 1, 48, 9, 12, 12, True, 0.0545, True
11, 20, 3, 1, 49, 8, 16, 16, True, 0.0484, True
11, 20, 3, 1, 50, 8, 8, 12, False, 0.0484, True
11, 20, 3, 1, 51, 9, 17, 17, True, 0.0545, True
11, 20, 3, 1, 52, 9, 17, 17, True, 0.0545, True
11, 20, 3, 1, 53, 8, 17, 17, True, 0.0485, True
11, 20, 3, 1, 54, 8, 6, 6, True, 0.0484, True
11, 20, 3, 1, 55, 7, 16, 16, True, 0.0424, True
11, 20, 3, 1, 56, 7, 18, 18, True, 0.0424, True
11, 20, 3, 1, 57, 6, 7, 7, True, 0.0363, True
11, 20, 3, 1, 58, 6, 8, 8, True, 0.0363, True
11, 20, 3, 1, 59, 5, 7, 7, True, 0.0303, True
11, 20, 3, 1, 60, 5, 11, 11, True, 0.0303, True
11, 20, 3, 1, 61, 4, 16, 18, False, 0.0242, True
11, 20, 3, 1, 62, 5, 17, 17, True, 0.0303, True
11, 20, 3, 1, 63, 5, 13, 7, False, 0.0303, True
11, 20, 3, 1, 64, 6, 12, 12, True, 0.0363, True
11, 20, 4, 0, 0, 2, 17, -1, False, 0.0121, True
11, 20, 4, 0, 1, 1, 12, 12, True, 0.0061, True
11, 20, 4, 0, 2, 1, 11, 11, True, 0.006, True
11, 20, 4, 0, 3, 2, 8, 8, True, 0.0121, True
11, 20, 4, 0, 4, 2, 6, 6, True, 0.0121, True
11, 20, 4, 0, 5, 3, 6, 13, False, 0.0182, True
11, 20, 4, 0, 6, 2, 13, 13, True, 0.0121, True
11, 20, 4, 0, 7, 2, 12, 12, True, 0.0121, True
11, 20, 4, 0, 8, 3, 16, 11, False, 0.0182, True
11, 20, 4, 0, 9, 2, 12, 7, False, 0.0121, True
11, 20, 4, 0, 10, 1, 8, 12, False, 0.0061, True
11, 20, 4, 0, 11, 1, 17, 18, False, 0.006, True
11, 20, 4, 0, 12, 1, 6, 6, True, 0.0061, True
11, 20, 4, 0, 13, 1, 11, 11, True, 0.0061, True
11, 20, 4, 0, 14, 2, 12, 12, True, 0.0121, True
11, 20, 4, 0, 15, 2, 12, 12, True, 0.0121, True
11, 20, 4, 0, 16, 3, 7, 11, False, 0.0182, True
11, 20, 4, 0, 17, 2, 18, 12, False, 0.0121, True
11, 20, 4, 0, 18, 1, 11, 12, False, 0.0061, True
11, 20, 4, 0, 19, 1, 12, 12, True, 0.0061, True
11, 20, 4, 0, 20, 1, 8, 8, True, 0.006, True
11, 20, 4, 0, 21, 2, 17, 12, False, 0.0121, True
11, 20, 4, 0, 22, 1, 16, 12, False, 0.006, True
11, 20, 4, 0, 23, 1, 13, 12, False, 0.0061, True
11, 20, 4, 0, 24, 1, 16, 11, False, 0.006, True
11, 20, 4, 0, 25, 1, 16, 7, False, 0.0061, True
11, 20, 4, 0, 26, 1, 13, 12, False, 0.0061, True
11, 20, 4, 0, 27, 1, 17, 17, True, 0.006, True
11, 20, 4, 0, 28, 1, 8, 7, False, 0.0061, True
11, 20, 4, 0, 29, 1, 18, 16, False, 0.0061, True
11, 20, 4, 0, 30, 1, 16, 17, False, 0.006, True
11, 20, 4, 0, 31, 1, 11, 6, False, 0.0061, True
11, 20, 4, 0, 32, 1, 7, 12, False, 0.0061, True
11, 20, 4, 0, 33, 1, 6, 7, False, 0.0061, True
11, 20, 4, 0, 34, 1, 18, 18, True, 0.0061, True
11, 20, 4, 0, 35, 1, 7, -1, False, 0.0061, True
11, 20, 4, 0, 36, 1, 6, 12, False, 0.0061, True
11, 20, 4, 0, 37, 1, 17, 18, False, 0.0061, True
11, 20, 4, 0, 38, 1, 7, 7, True, 0.0061, True
11, 20, 4, 0, 39, 1, 13, 13, True, 0.0061, True
11, 20, 4, 0, 40, 2, 12, 12, True, 0.0121, True
11, 20, 4, 0, 41, 2, 11, 11, True, 0.0121, True
11, 20, 4, 0, 42, 3, 18, 11, False, 0.0182, True
11, 20, 4, 0, 43, 2, 18, 12, False, 0.0121, True
11, 20, 4, 0, 44, 1, 6, 7, False, 0.006, True
11, 20, 4, 0, 45, 1, 11, 11, True, 0.0061, True
11, 20, 4, 0, 46, 1, 12, 12, True, 0.0061, True
11, 20, 4, 0, 47, 2, 16, 12, False, 0.0121, True
11, 20, 4, 0, 48, 1, 18, 11, False, 0.0061, True
11, 20, 4, 0, 49, 1, 16, 17, False, 0.0061, True
11, 20, 4, 0, 50, 1, 18, 12, False, 0.0061, True
11, 20, 4, 0, 51, 1, 8, -1, False, 0.006, True
11, 20, 4, 0, 52, 1, 8, 13, False, 0.0061, True
11, 20, 4, 0, 53, 1, 12, 12, True, 0.0061, True
11, 20, 4, 0, 54, 1, 11, -1, False, 0.0061, True
11, 20, 4, 0, 55, 1, 16, 16, True, 0.0061, True
11, 20, 4, 0, 56, 1, 17, 12, False, 0.0061, True
11, 20, 4, 0, 57, 1, 6, 12, False, 0.006, True
11, 20, 4, 0, 58, 1, 16, 17, False, 0.006, True
11, 20, 4, 0, 59, 1, 18, 18, True, 0.0061, True
11, 20, 4, 0, 60, 1, 7, 7, True, 0.0061, True
11, 20, 4, 0, 61, 2, 6, 12, False, 0.0121, True
11, 20, 4, 0, 62, 1, 13, 12, False, 0.0061, True
11, 20, 4, 0, 63, 1, 17, 17, True, 0.0061, True
11, 20, 4, 0, 64, 1, 17, 17, True, 0.0061, True
11, 20, 5, 1, 0, 6, 6, 6, True, 0.0363, True
11, 20, 5, 1, 1, 6, 7, 7, True, 0.0363, True
11, 20, 5, 1, 2, 5, 7, 7, True, 0.0303, True
11, 20, 5, 1, 3, 5, 8, 8, True, 0.0303, True
11, 20, 5, 1, 4, 4, 13, 13, True, 0.0242, True
11, 20, 5, 1, 5, 4, 16, 16, True, 0.0242, True
11, 20, 5, 1, 6, 3, 11, 18, False, 0.0181, True
11, 20, 5, 1, 7, 4, 11, 13, False, 0.0242, True
11, 20, 5, 1, 8, 5, 7, 7, True, 0.0303, True
11, 20, 5, 1, 9, 5, 16, 16, True, 0.0303, True
11, 20, 5, 1, 10, 4, 12, 18, False, 0.0242, True
11, 20, 5, 1, 11, 5, 18, 18, True, 0.0303, True
11, 20, 5, 1, 12, 5, 18, 18, True, 0.0303, True
11, 20, 5, 1, 13, 4, 8, 13, False, 0.0242, True
11, 20, 5, 1, 14, 5, 6, 6, True, 0.0303, True
11, 20, 5, 1, 15, 5, 17, 8, False, 0.0303, True
11, 20, 5, 1, 16, 6, 7, 7, True, 0.0363, True
11, 20, 5, 1, 17, 6, 11, 11, True, 0.0363, True
11, 20, 5, 1, 18, 5, 17, 7, False, 0.0303, True
11, 20, 5, 1, 19, 6, 17, 17, True, 0.0363, True
11, 20, 5, 1, 20, 6, 17, 17, True, 0.0363, True
11, 20, 5, 1, 21, 5, 16, 16, True, 0.0303, True
11, 20, 5, 1, 22, 5, 12, 12, True, 0.0303, True
11, 20, 5, 1, 23, 4, 11, 12, False, 0.0242, True
11, 20, 5, 1, 24, 5, 12, 18, False, 0.0303, True
11, 20, 5, 1, 25, 6, 18, 18, True, 0.0363, True
11, 20, 5, 1, 26, 6, 16, 16, True, 0.0363, True
11, 20, 5, 1, 27, 5, 11, 11, True, 0.0303, True
11, 20, 5, 1, 28, 5, 17, 17, True, 0.0303, True
11, 20, 5, 1, 29, 4, 11, 8, False, 0.0242, True
11, 20, 5, 1, 30, 5, 11, 11, True, 0.0303, True
11, 20, 5, 1, 31, 5, 7, 7, True, 0.0303, True
11, 20, 5, 1, 32, 4, 18, 18, True, 0.0242, True
11, 20, 5, 1, 33, 4, 6, 6, True, 0.0243, True
11, 20, 5, 1, 34, 3, 8, 8, True, 0.0182, True
11, 20, 5, 1, 35, 3, 13, 9, False, 0.0182, True
11, 20, 5, 1, 36, 4, 18, 7, False, 0.0242, True
11, 20, 5, 1, 37, 5, 7, 7, True, 0.0303, True
11, 20, 5, 1, 38, 5, 7, 16, False, 0.0303, True
11, 20, 5, 1, 39, 6, 8, 8, True, 0.0363, True
11, 20, 5, 1, 40, 6, 17, 17, True, 0.0363, True
11, 20, 5, 1, 41, 5, 16, 6, False, 0.0303, True
11, 20, 5, 1, 42, 6, 11, 11, True, 0.0363, True
11, 20, 5, 1, 43, 6, 7, 7, True, 0.0364, True
11, 20, 5, 1, 44, 5, 11, 15, False, 0.0302, True
11, 20, 5, 1, 45, 6, 7, 7, True, 0.0363, True
11, 20, 5, 1, 46, 6, 13, 13, True, 0.0363, True
11, 20, 5, 1, 47, 5, 17, 17, True, 0.0303, True
11, 20, 5, 1, 48, 5, 7, 8, False, 0.0303, True
11, 20, 5, 1, 49, 6, 8, 8, True, 0.0364, True
11, 20, 5, 1, 50, 6, 13, 13, True, 0.0363, True
11, 20, 5, 1, 51, 5, 16, 16, True, 0.0303, True
11, 20, 5, 1, 52, 5, 7, 7, True, 0.0303, True
11, 20, 5, 1, 53, 4, 18, 17, False, 0.0242, True
11, 20, 5, 1, 54, 5, 8, 8, True, 0.0303, True
11, 20, 5, 1, 55, 5, 18, 18, True, 0.0303, True
11, 20, 5, 1, 56, 4, 6, 6, True, 0.0242, True
11, 20, 5, 1, 57, 4, 12, 12, True, 0.0242, True
11, 20, 5, 1, 58, 3, 12, 16, False, 0.0182, True
11, 20, 5, 1, 59, 4, 11, 18, False, 0.0242, True
11, 20, 5, 1, 60, 5, 11, 12, False, 0.0303, True
11, 20, 5, 1, 61, 6, 6, -1, False, 0.0363, True
11, 20, 5, 1, 62, 7, 13, 13, True, 0.0424, True
11, 20, 5, 1, 63, 7, 7, 7, True, 0.0424, True
11, 20, 5, 1, 64, 6, 6, -1, False, 0.0363, True
12, 21, 0, 0, 0, 1, 12, 11, False, 0.0061, True
12, 21, 0, 0, 1, 1, 12, 12, True, 0.0061, True
12, 21, 0, 0, 2, 1, 8, 8, True, 0.0061, True
12, 21, 0, 0, 3, 2, 17, 17, True, 0.0121, True
12, 21, 0, 0, 4, 2, 18, 12, False, 0.0121, True
12, 21, 0, 0, 5, 1, 17, 17, True, 0.0061, True
12, 21, 0, 0, 6, 1, 13, 13, True, 0.0061, True
12, 21, 0, 0, 7, 2, 18, 18, True, 0.0121, True
12, 21, 0, 0, 8, 2, 11, 11, True, 0.0121, True
12, 21, 0, 0, 9, 3, 13, 13, True, 0.0182, True
12, 21, 0, 0, 10, 3, 7, 7, True, 0.0182, True
12, 21, 0, 0, 11, 4, 6, 6, True, 0.0242, True
12, 21, 0, 0, 12, 4, 12, 12, True, 0.0242, True
12, 21, 0, 0, 13, 5, 11, 11, True, 0.0303, True
12, 21, 0, 0, 14, 5, 12, 12, True, 0.0303, True
12, 21, 0, 0, 15, 6, 17, 17, True, 0.0363, True
12, 21, 0, 0, 16, 6, 16, 16, True, 0.0363, True
12, 21, 0, 0, 17, 7, 18, 18, True, 0.0424, True
12, 21, 0, 0, 18, 7, 13, 8, False, 0.0424, True
12, 21, 0, 0, 19, 6, 7, 12, False, 0.0363, True
12, 21, 1, 1, 0, 15, 16, 16, True, 0.0908, True
12, 21, 1, 1, 1, 15, 16, 16, True, 0.0908, True
12, 21, 1, 1, 2, 12, 13, 13, True, 0.0727, True
12, 21, 1, 1, 3, 12, 11, 11, True, 0.0726, True
12, 21, 1, 1, 4, 9, 11, 11, True, 0.0545, True
12, 21, 1, 1, 5, 9, 6, 6, True, 0.0545, True
12, 21, 1, 1, 6, 6, 6, -1, False, 0.0364, True
12, 21, 1, 1, 7, 9, 11, 11, True, 0.0545, True
12, 21, 1, 1, 8, 9, 16, 16, True, 0.0545, True
12, 21, 1, 1, 9, 6, 11, 11, True, 0.0364, True
12, 21, 1, 1, 10, 6, 13, 13, True, 0.0363, True
12, 21, 1, 1, 11, 3, 8, 14, False, 0.0182, True
12, 21, 1, 1, 12, 6, 13, 13, True, 0.0363, True
12, 21, 1, 1, 13, 6, 7, 7, True, 0.0364, True
12, 21, 1, 1, 14, 3, 17, 17, True, 0.0182, True
12, 21, 1, 1, 15, 3, 7, -1, False, 0.0182, True
12, 21, 1, 1, 16, 6, 13, 13, True, 0.0363, True
12, 21, 1, 1, 17, 6, 17, 17, True, 0.0363, True
12, 21, 1, 1, 18, 3, 11, 11, True, 0.0181, True
12, 21, 1, 1, 19, 3, 7, 7, True, 0.0182, True
12, 21, 2, 0, 0, 5, 13, 13, True, 0.0303, True
12, 21, 2, 0, 1, 5, 12, 12, True, 0.0302, True
12, 21, 2, 0, 2, 6, 12, 13, False, 0.0363, True
12, 21, 2, 0, 3, 5, 17, 18, False, 0.0303, True
12, 21, 2, 0, 4, 4, 6, 6, True, 0.0243, True
12, 21, 2, 0, 5, 4, 6, 6, True, 0.0242, True
12, 21, 2, 0, 6, 5, 18, 18, True, 0.0303, True
12, 21, 2, 0, 7, 5, 17, 17, True, 0.0303, True
12, 21, 2, 0, 8, 6, 18, 18, True, 0.0363, True
12, 21, 2, 0, 9, 6, 8, 8, True, 0.0363, True
12, 21, 2, 0, 10, 7, 8, 8, True, 0.0424, True
12, 21, 2, 0, 11, 7, 13, 18, False, 0.0424, True
12, 21, 2, 0, 12, 6, 13, 18, False, 0.0363, True
12, 21, 2, 0, 13, 5, 7, 11, False, 0.0303, True
12, 21, 2, 0, 14, 4, 13, 13, True, 0.0242, True
12, 21, 2, 0, 15, 4, 8, 8, True, 0.0242, True
12, 21, 2, 0, 16, 5, 11, 11, True, 0.0303, True
12, 21, 2, 0, 17, 5, 7, 7, True, 0.0302, True
12, 21, 2, 0, 18, 6, 12, 12, True, 0.0363, True
12, 21, 2, 0, 19, 6, 6, 6, True, 0.0363, True
12, 21, 2, 0, 20, 7, 13, -1, False, 0.0424, True
12, 21, 2, 0, 21, 6, 18, 6, False, 0.0364, True
12, 21, 2, 0, 22, 5, 11, 12, False, 0.0302, True
12, 21, 2, 0, 23, 4, 13, 8, False, 0.0242, True
12, 21, 2, 0, 24, 3, 11, 12, False, 0.0182, True
12, 21, 2, 0, 25, 2, 7, 7, True, 0.0121, True
12, 21, 2, 0, 26, 2, 11, 11, True, 0.0122, True
12, 21, 2, 0, 27, 3, 17, 17, True, 0.0181, True
12, 21, 2, 0, 28, 3, 6, 8, False, 0.0182, True
12, 21, 2, 0, 29, 2, 17, 17, True, 0.0121, True
12, 21, 2, 0, 30, 2, 16, 16, True, 0.0122, True
12, 21, 2, 0, 31, 3, 17, 17, True, 0.0182, True
12, 21, 2, 0, 32, 3, 13, 13, True, 0.0182, True
12, 21, 2, 0, 33, 4, 6, 6, True, 0.0242, True
12, 21, 2, 0, 34, 4, 13, 13, True, 0.0242, True
12, 21, 2, 0, 35, 5, 18, 18, True, 0.0303, True
12, 21, 2, 0, 36, 5, 6, 6, True, 0.0303, True
12, 21, 2, 0, 37, 6, 7, 7, True, 0.0363, True
12, 21, 2, 0, 38, 6, 7, 7, True, 0.0363, True
12, 21, 2, 0, 39, 7, 7, 7, True, 0.0424, True
12, 21, 2, 0, 40, 7, 16, 16, True, 0.0424, True
12, 21, 2, 0, 41, 8, 12, 17, False, 0.0484, True
12, 21, 2, 0, 42, 7, 11, 12, False, 0.0424, True
12, 21, 2, 0, 43, 6, 17, 17, True, 0.0364, True
12, 21, 2, 0, 44, 6, 12, 12, True, 0.0363, True
12, 21, 2, 0, 45, 7, 16, 12, False, 0.0424, True
12, 21, 2, 0, 46, 6, 11, 18, False, 0.0363, True
12, 21, 2, 0, 47, 5, 6, 6, True, 0.0303, True
12, 21, 2, 0, 48, 5, 17, 17, True, 0.0303, True
12, 21, 2, 0, 49, 6, 18, -1, False, 0.0363, True
12, 21, 2, 0, 50, 5, 6, 6, True, 0.0303, True
12, 21, 2, 0, 51, 5, 8, 16, False, 0.0303, True
12, 21, 2, 0, 52, 4, 11, 11, True, 0.0242, True
12, 21, 2, 0, 53, 4, 6, 7, False, 0.0242, True
12, 21, 2, 0, 54, 3, 7, 7, True, 0.0182, True
12, 21, 2, 0, 55, 3, 12, 12, True, 0.0182, True
12, 21, 2, 0, 56, 4, 18, 12, False, 0.0242, True
12, 21, 2, 0, 57, 3, 17, 17, True, 0.0182, True
12, 21, 2, 0, 58, 3, 7, 7, True, 0.0181, True
12, 21, 2, 0, 59, 4, 7, 7, True, 0.0242, True
12, 21, 2, 0, 60, 4, 18, 18, True, 0.0242, True
12, 21, 2, 0, 61, 5, 18, 18, True, 0.0303, True
12, 21, 2, 0, 62, 5, 18, 18, True, 0.0303, True
12, 21, 2, 0, 63, 6, 11, 11, True, 0.0363, True
12, 21, 2, 0, 64, 6, 11, 11, True, 0.0364, True
12, 21, 3, 1, 0, 1, 18, 12, False, 0.0061, True
12, 21, 3, 1, 1, 2, 16, 16, True, 0.0121, True
12, 21, 3, 1, 2, 2, 12, -1, False, 0.0121, True
12, 21, 3, 1, 3, 3, 17, 18, False, 0.0182, True
12, 21, 3, 1, 4, 4, 13, 6, False, 0.0242, True
12, 21, 3, 1, 5, 5, 11, 11, True, 0.0303, True
12, 21, 3, 1, 6, 5, 11, 11, True, 0.0303, True
12, 21, 3, 1, 7, 4, 6, 6, True, 0.0243, True
12, 21, 3, 1, 8, 4, 18, 18, True, 0.0242, True
12, 21, 3, 1, 9, 3, 11, 11, True, 0.0182, True
12, 21, 3, 1, 10, 3, 12, -1, False, 0.0182, True
12, 21, 3, 1, 11, 4, 16, 20, False, 0.0242, True
12, 21, 3, 1, 12, 5, 6, 6, True, 0.0303, True
12, 21, 3, 1, 13, 5, 11, 11, True, 0.0303, True
12, 21, 3, 1, 14, 4, 16, 16, True, 0.0242, True
12, 21, 3, 1, 15, 4, 17, 17, True, 0.0242, True
12, 21, 3, 1, 16, 3, 12, 18, False, 0.0182, True
12, 21, 3, 1, 17, 4, 8, 8, True, 0.0243, True
12, 21, 3, 1, 18, 4, 16, 11, False, 0.0242, True
12, 21, 3, 1, 19, 5, 7, 7, True, 0.0303, True
12, 21, 3, 1, 20, 5, 17, 17, True, 0.0303, True
12, 21, 3, 1, 21, 4, 12, 12, True, 0.0242, True
12, 21, 3, 1, 22, 4, 8, 4, False, 0.0243, True
12, 21, 3, 1, 23, 5, 16, 20, False, 0.0303, True
12, 21, 3, 1, 24, 6, 18, 24, False, 0.0363, True
12, 21, 3, 1, 25, 7, 16, 16, True, 0.0423, True
12, 21, 3, 1, 26, 7, 13, 13, True, 0.0424, True
12, 21, 3, 1, 27, 6, 12, 12, True, 0.0363, True
12, 21, 3, 1, 28, 6, 6, 6, True, 0.0363, True
12, 21, 3, 1, 29, 5, 12, 12, True, 0.0303, True
12, 21, 3, 1, 30, 5, 16, 16, True, 0.0303, True
12, 21, 3, 1, 31, 4, 11, 11, True, 0.0242, True
12, 21, 3, 1, 32, 4, 12, 12, True, 0.0242, True
12, 21, 3, 1, 33, 3, 17, 17, True, 0.0182, True
12, 21, 3, 1, 34, 3, 18, 12, False, 0.0182, True
12, 21, 3, 1, 35, 4, 12, 12, True, 0.0242, True
12, 21, 3, 1, 36, 4, 17, 6, False, 0.0243, True
12, 21, 3, 1, 37, 5, 18, 19, False, 0.0303, True
12, 21, 3, 1, 38, 6, 17, 16, False, 0.0364, True
12, 21, 3, 1, 39, 7, 12, 7, False, 0.0424, True
12, 21, 3, 1, 40, 8, 11, 11, True, 0.0485, True
12, 21, 3, 1, 41, 8, 8, 8, True, 0.0485, True
12, 21, 3, 1, 42, 7, 18, 18, True, 0.0424, True
12, 21, 3, 1, 43, 7, 17, 17, True, 0.0424, True
12, 21, 3, 1, 44, 6, 18, 18, True, 0.0364, True
12, 21, 3, 1, 45, 6, 12, 12, True, 0.0363, True
12, 21, 3, 1, 46, 5, 8, 8, True, 0.0303, True
12, 21, 3, 1, 47, 5, 13, 13, True, 0.0303, True
12, 21, 3, 1, 48, 4, 8, 8, True, 0.0243, True
12, 21, 3, 1, 49, 4, 13, 13, True, 0.0242, True
12, 21, 3, 1, 50, 3, 7, 7, True, 0.0182, True
12, 21, 3, 1, 51, 3, 11, 17, False, 0.0182, True
12, 21, 3, 1, 52, 4, 6, 12, False, 0.0242, True
12, 21, 3, 1, 53, 5, 11, 17, False, 0.0303, True
12, 21, 3, 1, 54, 6, 12, 12, True, 0.0363, True
12, 21, 3, 1, 55, 6, 18, 24, False, 0.0363, True
12, 21, 3, 1, 56, 7, 7, 6, False, 0.0424, True
12, 21, 3, 1, 57, 8, 16, 16, True, 0.0484, True
12, 21, 3, 1, 58, 8, 6, 18, False, 0.0485, True
12, 21, 3, 1, 59, 9, 16, 16, True, 0.0545, True
12, 21, 3, 1, 60, 9, 6, 6, True, 0.0545, True
12, 21, 3, 1, 61, 8, 8, 8, True, 0.0484, True
12, 21, 3, 1, 62, 8, 12, 12, True, 0.0484, True
12, 21, 3, 1, 63, 7, 16, 16, True, 0.0424, True
12, 21, 3, 1, 64, 7, 18, 18, True, 0.0424, True
12, 21, 4, 0, 0, 7, 17, 17, True, 0.0424, True
12, 21, 4, 0, 1, 7, 7, 17, False, 0.0424, True
12, 21, 4, 0, 2, 6, 11, 7, False, 0.0363, True
12, 21, 4, 0, 3, 5, 17, 18, False, 0.0303, True
12, 21, 4, 0, 4, 4, 11, 11, True, 0.0242, True
12, 21, 4, 0, 5, 4, 13, 13, True, 0.0242, True
12, 21, 4, 0, 6, 5, 16, 16, True, 0.0303, True
12, 21, 4, 0, 7, 5, 7, 7, True, 0.0303, True
12, 21, 4, 0, 8, 6, 18, 18, True, 0.0363, True
12, 21, 4, 0, 9, 6, 12, 12, True, 0.0363, True
12, 21, 4, 0, 10, 7, 13, 13, True, 0.0424, True
12, 21, 4, 0, 11, 7, 16, 17, False, 0.0424, True
12, 21, 4, 0, 12, 6, 13, 12, False, 0.0363, True
12, 21, 4, 0, 13, 5, 13, 12, False, 0.0303, True
12, 21, 4, 0, 14, 4, 16, 16, True, 0.0242, True
12, 21, 4, 0, 15, 4, 11, 11, True, 0.0242, True
12, 21, 4, 0, 16, 5, 18, 18, True, 0.0302, True
12, 21, 4, 0, 17, 5, 18, 11, False, 0.0303, True
12, 21, 4, 0, 18, 4, 12, 12, True, 0.0242, True
12, 21, 4, 0, 19, 4, 17, 17, True, 0.0242, True
12, 21, 4, 0, 20, 5, 8, 8, True, 0.0303, True
12, 21, 4, 0, 21, 5, 8, 16, False, 0.0303, True
12, 21, 4, 0, 22, 4, 12, 12, True, 0.0242, True
12, 21, 4, 0, 23, 4, 6, 6, True, 0.0242, True
12, 21, 4, 0, 24, 5, 13, 13, True, 0.0303, True
12, 21, 4, 0, 25, 5, 12, 12, True, 0.0303, True
12, 21, 4, 0, 26, 6, 16, 16, True, 0.0363, True
12, 21, 4, 0, 27, 6, 8, 12, False, 0.0363, True
12, 21, 4, 0, 28, 5, 16, 16, True, 0.0303, True
12, 21, 4, 0, 29, 5, 12, 12, True, 0.0303, True
12, 21, 4, 0, 30, 6, 11, 11, True, 0.0363, True
12, 21, 4, 0, 31, 6, 7, 13, False, 0.0363, True
12, 21, 4, 0, 32, 5, 6, 6, True, 0.0303, True
12, 21, 4, 0, 33, 5, 12, 12, True, 0.0302, True
12, 21, 4, 0, 34, 6, 18, 18, True, 0.0363, True
12, 21, 4, 0, 35, 6, 7, 7, True, 0.0364, True
12, 21, 4, 0, 36, 7, 8, 7, False, 0.0424, True
12, 21, 4, 0, 37, 6, 17, 17, True, 0.0363, True
12, 21, 4, 0, 38, 6, 11, 11, True, 0.0364, True
12, 21, 4, 0, 39, 7, 11, 11, True, 0.0424, True
12, 21, 4, 0, 40, 7, 7, 11, False, 0.0423, True
12, 21, 4, 0, 41, 6, 13, 16, False, 0.0363, True
12, 21, 4, 0, 42, 5, 13, 13, True, 0.0302, True
12, 21, 4, 0, 43, 5, 13, 13, True, 0.0302, True
12, 21, 4, 0, 44, 6, 7, 7, True, 0.0363, True
12, 21, 4, 0, 45, 6, 16, -1, False, 0.0364, True
12, 21, 4, 0, 46, 5, 11, 11, True, 0.0303, True
12, 21, 4, 0, 47, 5, 13, 13, True, 0.0303, True
12, 21, 4, 0, 48, 6, 16, 16, True, 0.0363, True
12, 21, 4, 0, 49, 6, 7, 6, False, 0.0363, True
12, 21, 4, 0, 50, 5, 6, 6, True, 0.0302, True
12, 21, 4, 0, 51, 5, 7, 7, True, 0.0302, True
12, 21, 4, 0, 52, 6, 18, 18, True, 0.0364, True
12, 21, 4, 0, 53, 6, 7, 7, True, 0.0363, True
12, 21, 4, 0, 54, 7, 7, 7, True, 0.0424, True
12, 21, 4, 0, 55, 7, 17, 17, True, 0.0424, True
12, 21, 4, 0, 56, 8, 18, 16, False, 0.0484, True
12, 21, 4, 0, 57, 7, 13, 13, True, 0.0424, True
12, 21, 4, 0, 58, 7, 8, 8, True, 0.0424, True
12, 21, 4, 0, 59, 8, 17, 18, False, 0.0484, True
12, 21, 4, 0, 60, 7, 8, 8, True, 0.0424, True
12, 21, 4, 0, 61, 7, 17, 8, False, 0.0424, True
12, 21, 4, 0, 62, 6, 18, 18, True, 0.0363, True
12, 21, 4, 0, 63, 6, 16, 8, False, 0.0363, True
12, 21, 4, 0, 64, 5, 13, 13, True, 0.0302, True
12, 21, 5, 1, 0, 6, 7, 7, True, 0.0363, True
12, 21, 5, 1, 1, 6, 16, 16, True, 0.0363, True
12, 21, 5, 1, 2, 5, 12, 12, True, 0.0303, True
12, 21, 5, 1, 3, 5, 16, 16, True, 0.0303, True
12, 21, 5, 1, 4, 4, 7, 7, True, 0.0242, True
12, 21, 5, 1, 5, 4, 7, 6, False, 0.0242, True
12, 21, 5, 1, 6, 5, 7, 17, False, 0.0303, True
12, 21, 5, 1, 7, 6, 7, 7, True, 0.0363, True
12, 21, 5, 1, 8, 6, 8, 8, True, 0.0363, True
12, 21, 5, 1, 9, 5, 16, 16, True, 0.0302, True
12, 21, 5, 1, 10, 5, 12, 17, False, 0.0303, True
12, 21, 5, 1, 11, 6, 6, -1, False, 0.0363, True
12, 21, 5, 1, 12, 7, 8, 8, True, 0.0424, True
12, 21, 5, 1, 13, 7, 17, 17, True, 0.0424, True
12, 21, 5, 1, 14, 6, 16, 16, True, 0.0363, True
12, 21, 5, 1, 15, 6, 8, 8, True, 0.0363, True
12, 21, 5, 1, 16, 5, 8, 8, True, 0.0303, True
12, 21, 5, 1, 17, 5, 11, 11, True, 0.0303, True
12, 21, 5, 1, 18, 4, 18, 18, True, 0.0242, True
12, 21, 5, 1, 19, 4, 7, 7, True, 0.0243, True
12, 21, 5, 1, 20, 3, 18, 18, True, 0.0181, True
12, 21, 5, 1, 21, 3, 12, 7, False, 0.0182, True
12, 21, 5, 1, 22, 4, 13, 13, True, 0.0242, True
12, 21, 5, 1, 23, 4, 7, 7, True, 0.0242, True
12, 21, 5, 1, 24, 3, 16, 16, True, 0.0182, True
12, 21, 5, 1, 25, 3, 11, 11, True, 0.0182, True
12, 21, 5, 1, 26, 2, 8, 13, False, 0.0121, True
12, 21, 5, 1, 27, 3, 6, 7, False, 0.0182, True
12, 21, 5, 1, 28, 4, 8, 16, False, 0.0242, True
12, 21, 5, 1, 29, 5, 16, 16, True, 0.0303, True
12, 21, 5, 1, 30, 5, 13, 13, True, 0.0302, True
12, 21, 5, 1, 31, 4, 16, 16, True, 0.0242, True
12, 21, 5, 1, 32, 4, 17, 17, True, 0.0243, True
12, 21, 5, 1, 33, 3, 17, 17, True, 0.0182, True
12, 21, 5, 1, 34, 3, 17, 17, True, 0.0181, True
12, 21, 5, 1, 35, 2, 11, 16, False, 0.0122, True
12, 21, 5, 1, 36, 3, 13, 11, False, 0.0182, True
12, 21, 5, 1, 37, 4, 13, 13, True, 0.0242, True
12, 21, 5, 1, 38, 4, 8, 17, False, 0.0243, True
12, 21, 5, 1, 39, 5, 12, 12, True, 0.0303, True
12, 21, 5, 1, 40, 5, 7, 7, True, 0.0303, True
12, 21, 5, 1, 41, 4, 7, 6, False, 0.0242, True
12, 21, 5, 1, 42, 5, 17, 17, True, 0.0303, True
12, 21, 5, 1, 43, 5, 13, 13, True, 0.0303, True
12, 21, 5, 1, 44, 4, 16, 16, True, 0.0242, True
12, 21, 5, 1, 45, 4, 7, 8, False, 0.0242, True
12, 21, 5, 1, 46, 5, 8, 8, True, 0.0303, True
12, 21, 5, 1, 47, 5, 8, 8, True, 0.0303, True
12, 21, 5, 1, 48, 4, 18, 18, True, 0.0243, True
12, 21, 5, 1, 49, 4, 11, 11, True, 0.0242, True
12, 21, 5, 1, 50, 3, 13, 13, True, 0.0182, True
12, 21, 5, 1, 51, 3, 6, 14, False, 0.0182, True
12, 21, 5, 1, 52, 4, 18, 18, True, 0.0242, True
12, 21, 5, 1, 53, 4, 16, 16, True, 0.0242, True
12, 21, 5, 1, 54, 3, 13, 17, False, 0.0182, True
12, 21, 5, 1, 55, 4, 18, 18, True, 0.0242, True
12, 21, 5, 1, 56, 4, 7, 7, True, 0.0242, True
12, 21, 5, 1, 57, 3, 8, 18, False, 0.0182, True
12, 21, 5, 1, 58, 4, 6, 6, True, 0.0242, True
12, 21, 5, 1, 59, 4, 8, 13, False, 0.0242, True
12, 21, 5, 1, 60, 5, 13, 11, False, 0.0303, True
12, 21, 5, 1, 61, 6, 17, 17, True, 0.0363, True
12, 21, 5, 1, 62, 6, 8, 8, True, 0.0363, True
12, 21, 5, 1, 63, 5, 11, 11, True, 0.0303, True
12, 21, 5, 1, 64, 5, 11, 11, True, 0.0303, True
13, 22, 0, 0, 0, 1, 12, 12, True, 0.0061, True
13, 22, 0, 0, 1, 1, 17, 17, True, 0.006, True
13, 22, 0, 0, 2, 2, 12, 12, True, 0.0121, True
13, 22, 0, 0, 3, 2, 11, 11, True, 0.0121, True
13, 22, 0, 0, 4, 3, 18, 18, True, 0.0182, True
13, 22, 0, 0, 5, 3, 8, 8, True, 0.0182, True
13, 22, 0, 0, 6, 4, 18, 18, True, 0.0242, True
13, 22, 0, 0, 7, 4, 17, 17, True, 0.0243, True
13, 22, 0, 0, 8, 5, 13, 13, True, 0.0303, True
13, 22, 0, 0, 9, 5, 6, 6, True, 0.0303, True
13, 22, 0, 0, 10, 6, 6, 6, True, 0.0363, True
13, 22, 0, 0, 11, 6, 8, 8, True, 0.0363, True
13, 22, 0, 0, 12, 7, 8, 8, True, 0.0424, True
13, 22, 0, 0, 13, 7, 8, 8, True, 0.0424, True
13, 22, 0, 0, 14, 8, 16, 8, False, 0.0484, True
13, 22, 0, 0, 15, 7, 13, 13, True, 0.0424, True
13, 22, 0, 0, 16, 7, 11, 17, False, 0.0424, True
13, 22, 0, 0, 17, 6, 13, 13, True, 0.0364, True
13, 22, 0, 0, 18, 6, 11, 18, False, 0.0363, True
13, 22, 0, 0, 19, 5, 16, 7, False, 0.0303, True
13, 22, 1, 1, 0, 15, 6, 18, False, 0.0908, True
13, 22, 1, 1, 1, 18, 12, 6, False, 0.109, True
13, 22, 1, 1, 2, 21, 16, 18, False, 0.1272, True
13, 22, 1, 1, 3, 24, 16, 16, True, 0.1454, True
13, 22, 1, 1, 4, 24, 7, 7, True, 0.1454, True
13, 22, 1, 1, 5, 21, 7, 7, True, 0.1272, True
13, 22, 1, 1, 6, 21, 6, 6, True, 0.1272, True
13, 22, 1, 1, 7, 18, 7, 7, True, 0.109, True
13, 22, 1, 1, 8, 18, 18, 18, True, 0.109, True
13, 22, 1, 1, 9, 15, 6, 6, True, 0.0909, True
13, 22, 1, 1, 10, 15, 16, 11, False, 0.0908, True
13, 22, 1, 1, 11, 18, 16, 16, True, 0.1089, True
13, 22, 1, 1, 12, 18, 13, 13, True, 0.109, True
13, 22, 1, 1, 13, 15, 13, 13, True, 0.0908, True
13, 22, 1, 1, 14, 15, 7, 7, True, 0.0908, True
13, 22, 1, 1, 15, 12, 18, 18, True, 0.0727, True
13, 22, 1, 1, 16, 12, 6, 6, True, 0.0727, True
13, 22, 1, 1, 17, 9, 18, 18, True, 0.0545, True
13, 22, 1, 1, 18, 9, 7, 7, True, 0.0545, True
13, 22, 1, 1, 19, 6, 18, 18, True, 0.0363, True
13, 22, 2, 0, 0, 4, 11, 9, False, 0.0242, True
13, 22, 2, 0, 1, 3, 13, 13, True, 0.0182, True
13, 22, 2, 0, 2, 3, 16, 9, False, 0.0182, True
13, 22, 2, 0, 3, 2, 18, 18, True, 0.0121, True
13, 22, 2, 0, 4, 2, 16, 17, False, 0.0121, True
13, 22, 2, 0, 5, 1, 17, 17, True, 0.0061, True
13, 22, 2, 0, 6, 1, 13, 13, True, 0.006, True
13, 22, 2, 0, 7, 2, 11, 8, False, 0.0121, True
13, 22, 2, 0, 8, 1, 11, 11, True, 0.0061, True
13, 22, 2, 0, 9, 1, 7, 7, True, 0.0061, True
13, 22, 2, 0, 10, 2, 17, 17, True, 0.0121, True
13, 22, 2, 0, 11, 2, 16, 16, True, 0.0121, True
13, 22, 2, 0, 12, 3, 18, 18, True, 0.0182, True
13, 22, 2, 0, 13, 3, 18, 18, True, 0.0181, True
13, 22, 2, 0, 14, 4, 6, 7, False, 0.0242, True
13, 22, 2, 0, 15, 3, 6, 6, True, 0.0182, True
13, 22, 2, 0, 16, 3, 18, 17, False, 0.0182, True
13, 22, 2, 0, 17, 2, 18, 18, True, 0.0121, True
13, 22, 2, 0, 18, 2, 6, 6, True, 0.0121, True
13, 22, 2, 0, 19, 3, 11, 11, True, 0.0182, True
13, 22, 2, 0, 20, 3, 11, 11, True, 0.0181, True
13, 22, 2, 0, 21, 4, 11, 11, True, 0.0242, True
13, 22, 2, 0, 22, 4, 7, 7, True, 0.0242, True
13, 22, 2, 0, 23, 5, 12, 6, False, 0.0303, True
13, 22, 2, 0, 24, 4, 13, -1, False, 0.0242, True
13, 22, 2, 0, 25, 3, 18, 18, True, 0.0181, True
13, 22, 2, 0, 26, 3, 12, 12, True, 0.0182, True
13, 22, 2, 0, 27, 4, 18, 18, True, 0.0242, True
13, 22, 2, 0, 28, 4, 11, 11, True, 0.0242, True
13, 22, 2, 0, 29, 5, 18, 13, False, 0.0303, True
13, 22, 2, 0, 30, 4, 17, 7, False, 0.0242, True
13, 22, 2, 0, 31, 3, 13, 13, True, 0.0182, True
13, 22, 2, 0, 32, 3, 7, 16, False, 0.0182, True
13, 22, 2, 0, 33, 2, 7, 7, True, 0.0121, True
13, 22, 2, 0, 34, 2, 6, 6, True, 0.0121, True
13, 22, 2, 0, 35, 3, 6, 6, True, 0.0181, True
13, 22, 2, 0, 36, 3, 16, 16, True, 0.0181, True
13, 22, 2, 0, 37, 4, 17, 17, True, 0.0242, True
13, 22, 2, 0, 38, 4, 12, 12, True, 0.0242, True
13, 22, 2, 0, 39, 5, 6, 6, True, 0.0303, True
13, 22, 2, 0, 40, 5, 13, 13, True, 0.0304, True
13, 22, 2, 0, 41, 6, 16, 8, False, 0.0363, True
13, 22, 2, 0, 42, 5, 7, 12, False, 0.0303, True
13, 22, 2, 0, 43, 4, 13, 13, True, 0.0243, True
13, 22, 2, 0, 44, 4, 12, 12, True, 0.0242, True
13, 22, 2, 0, 45, 5, 11, 11, True, 0.0303, True
13, 22, 2, 0, 46, 5, 17, 17, True, 0.0303, True
13, 22, 2, 0, 47, 6, 11, 8, False, 0.0363, True
13, 22, 2, 0, 48, 5, 8, 6, False, 0.0303, True
13, 22, 2, 0, 49, 4, 13, 13, True, 0.0242, True
13, 22, 2, 0, 50, 4, 11, 11, True, 0.0243, True
13, 22, 2, 0, 51, 5, 7, 7, True, 0.0303, True
13, 22, 2, 0, 52, 5, 16, 16, True, 0.0302, True
13, 22, 2, 0, 53, 6, 11, 7, False, 0.0363, True
13, 22, 2, 0, 54, 5, 8, 18, False, 0.0302, True
13, 22, 2, 0, 55, 4, 17, 17, True, 0.0242, True
13, 22, 2, 0, 56, 4, 6, 6, True, 0.0242, True
13, 22, 2, 0, 57, 5, 11, 11, True, 0.0303, True
13, 22, 2, 0, 58, 5, 13, 13, True, 0.0304, True
13, 22, 2, 0, 59, 6, 8, 8, True, 0.0363, True
13, 22, 2, 0, 60, 6, 8, 8, True, 0.0363, True
13, 22, 2, 0, 61, 7, 12, 16, False, 0.0424, True
13, 22, 2, 0, 62, 6, 12, 1, False, 0.0363, True
13, 22, 2, 0, 63, 5, 12, 12, True, 0.0302, True
13, 22, 2, 0, 64, 5, 12, 12, True, 0.0303, True
13, 22, 3, 1, 0, 6, 7, 7, True, 0.0364, True
13, 22, 3, 1, 1, 6, 12, 7, False, 0.0363, True
13, 22, 3, 1, 2, 7, 7, 7, True, 0.0424, True
13, 22, 3, 1, 3, 7, 18, 18, True, 0.0424, True
13, 22, 3, 1, 4, 6, 18, 5, False, 0.0363, True
13, 22, 3, 1, 5, 7, 13, 13, True, 0.0424, True
13, 22, 3, 1, 6, 7, 6, 6, True, 0.0424, True
13, 22, 3, 1, 7, 6, 11, -1, False, 0.0363, True
13, 22, 3, 1, 8, 7, 17, 17, True, 0.0424, True
13, 22, 3, 1, 9, 7, 11, 7, False, 0.0424, True
13, 22, 3, 1, 10, 8, 7, 7, True, 0.0484, True
13, 22, 3, 1, 11, 8, 8, 8, True, 0.0484, True
13, 22, 3, 1, 12, 7, 17, 17, True, 0.0424, True
13, 22, 3, 1, 13, 7, 13, 13, True, 0.0424, True
13, 22, 3, 1, 14, 6, 8, 8, True, 0.0363, True
13, 22, 3, 1, 15, 6, 12, 12, True, 0.0363, True
13, 22, 3, 1, 16, 5, 16, 21, False, 0.0303, True
13, 22, 3, 1, 17, 6, 8, 12, False, 0.0364, True
13, 22, 3, 1, 18, 7, 8, 3, False, 0.0424, True
13, 22, 3, 1, 19, 8, 18, 18, True, 0.0484, True
13, 22, 3, 1, 20, 8, 11, 13, False, 0.0484, True
13, 22, 3, 1, 21, 9, 12, 12, True, 0.0545, True
13, 22, 3, 1, 22, 9, 8, 8, True, 0.0545, True
13, 22, 3, 1, 23, 8, 13, 13, True, 0.0485, True
13, 22, 3, 1, 24, 8, 8, 8, True, 0.0484, True
13, 22, 3, 1, 25, 7, 8, 8, True, 0.0424, True
13, 22, 3, 1, 26, 7, 16, 16, True, 0.0424, True
13, 22, 3, 1, 27, 6, 12, 12, True, 0.0364, True
13, 22, 3, 1, 28, 6, 17, 13, False, 0.0363, True
13, 22, 3, 1, 29, 7, 13, 13, True, 0.0424, True
13, 22, 3, 1, 30, 7, 8, 8, True, 0.0424, True
13, 22, 3, 1, 31, 6, 11, 11, True, 0.0363, True
13, 22, 3, 1, 32, 6, 13, 13, True, 0.0364, True
13, 22, 3, 1, 33, 5, 6, 13, False, 0.0303, True
13, 22, 3, 1, 34, 6, 6, 7, False, 0.0363, True
13, 22, 3, 1, 35, 7, 12, 13, False, 0.0424, True
13, 22, 3, 1, 36, 8, 13, 13, True, 0.0484, True
13, 22, 3, 1, 37, 8, 8, 8, True, 0.0485, True
13, 22, 3, 1, 38, 7, 8, 8, True, 0.0425, True
13, 22, 3, 1, 39, 7, 16, 16, True, 0.0424, True
13, 22, 3, 1, 40, 6, 17, 17, True, 0.0364, True
13, 22, 3, 1, 41, 6, 7, 7, True, 0.0363, True
13, 22, 3, 1, 42, 5, 13, 12, False, 0.0303, True
13, 22, 3, 1, 43, 6, 17, 17, True, 0.0363, True
13, 22, 3, 1, 44, 6, 13, 13, True, 0.0363, True
13, 22, 3, 1, 45, 5, 6, 8, False, 0.0303, True
13, 22, 3, 1, 46, 6, 17, 17, True, 0.0364, True
13, 22, 3, 1, 47, 6, 13, 13, True, 0.0363, True
13, 22, 3, 1, 48, 5, 16, 18, False, 0.0303, True
13, 22, 3, 1, 49, 6, 17, 17, True, 0.0364, True
13, 22, 3, 1, 50, 6, 11, 11, True, 0.0363, True
13, 22, 3, 1, 51, 5, 12, 12, True, 0.0303, True
13, 22, 3, 1, 52, 5, 7, 7, True, 0.0303, True
13, 22, 3, 1, 53, 4, 18, 18, True, 0.0242, True
13, 22, 3, 1, 54, 4, 18, 18, True, 0.0242, True
13, 22, 3, 1, 55, 3, 7, 18, False, 0.0181, True
13, 22, 3, 1, 56, 4, 17, 17, True, 0.0242, True
13, 22, 3, 1, 57, 4, 6, 7, False, 0.0242, True
13, 22, 3, 1, 58, 5, 12, 12, True, 0.0303, True
13, 22, 3, 1, 59, 5, 18, 18, True, 0.0303, True
13, 22, 3, 1, 60, 4, 7, 7, True, 0.0242, True
13, 22, 3, 1, 61, 4, 18, 18, True, 0.0242, True
13, 22, 3, 1, 62, 3, 7, 7, True, 0.0182, True
13, 22, 3, 1, 63, 3, 16, 12, False, 0.0182, True
13, 22, 3, 1, 64, 4, 16, 17, False, 0.0242, True
13, 22, 4, 0, 0, 6, 11, 18, False, 0.0363, True
13, 22, 4, 0, 1, 5, 11, 11, True, 0.0303, True
13, 22, 4, 0, 2, 5, 12, 12, True, 0.0303, True
13, 22, 4, 0, 3, 6, 16, 11, False, 0.0363, True
13, 22, 4, 0, 4, 5, 11, 16, False, 0.0302, True
13, 22, 4, 0, 5, 4, 12, 12, True, 0.0242, True
13, 22, 4, 0, 6, 4, 11, 13, False, 0.0242, True
13, 22, 4, 0, 7, 3, 16, 16, True, 0.0182, True
13, 22, 4, 0, 8, 3, 17, 17, True, 0.0181, True
13, 22, 4, 0, 9, 4, 11, 13, False, 0.0242, True
13, 22, 4, 0, 10, 3, 12, 11, False, 0.0182, True
13, 22, 4, 0, 11, 2, 12, 12, True, 0.0122, True
13, 22, 4, 0, 12, 2, 8, 7, False, 0.0121, True
13, 22, 4, 0, 13, 1, 12, 12, True, 0.0061, True
13, 22, 4, 0, 14, 1, 12, 12, True, 0.0061, True
13, 22, 4, 0, 15, 2, 6, 6, True, 0.0121, True
13, 22, 4, 0, 16, 2, 7, 18, False, 0.0121, True
13, 22, 4, 0, 17, 1, 7, 7, True, 0.0061, True
13, 22, 4, 0, 18, 1, 7, 7, True, 0.0061, True
13, 22, 4, 0, 19, 2, 16, 16, True, 0.0121, True
13, 22, 4, 0, 20, 2, 13, 12, False, 0.0121, True
13, 22, 4, 0, 21, 1, 6, 6, True, 0.0061, True
13, 22, 4, 0, 22, 1, 8, 8, True, 0.006, True
13, 22, 4, 0, 23, 2, 17, 16, False, 0.0121, True
13, 22, 4, 0, 24, 1, 12, 12, True, 0.0061, True
13, 22, 4, 0, 25, 1, 16, 11, False, 0.006, True
13, 22, 4, 0, 26, 1, 8, 8, True, 0.006, True
13, 22, 4, 0, 27, 1, 18, 18, True, 0.0061, True
13, 22, 4, 0, 28, 2, 11, 11, True, 0.0121, True
13, 22, 4, 0, 29, 2, 18, 18, True, 0.0121, True
13, 22, 4, 0, 30, 3, 11, 16, False, 0.0182, True
13, 22, 4, 0, 31, 2, 8, 13, False, 0.012, True
13, 22, 4, 0, 32, 1, 17, -1, False, 0.006, True
13, 22, 4, 0, 33, 1, 17, 17, True, 0.0061, True
13, 22, 4, 0, 34, 1, 7, 7, True, 0.0061, True
13, 22, 4, 0, 35, 2, 18, 18, True, 0.0122, True
13, 22, 4, 0, 36, 2, 6, 18, False, 0.0121, True
13, 22, 4, 0, 37, 1, 7, 7, True, 0.0061, True
13, 22, 4, 0, 38, 1, 7, 6, False, 0.006, True
13, 22, 4, 0, 39, 1, 16, 16, True, 0.0061, True
13, 22, 4, 0, 40, 1, 12, 12, True, 0.006, True
13, 22, 4, 0, 41, 2, 6, 6, True, 0.012, True
13, 22, 4, 0, 42, 2, 8, 8, True, 0.0121, True
13, 22, 4, 0, 43, 3, 13, 13, True, 0.0182, True
13, 22, 4, 0, 44, 3, 18, 17, False, 0.0182, True
13, 22, 4, 0, 45, 2, 17, 17, True, 0.0121, True
13, 22, 4, 0, 46, 2, 18, 18, True, 0.0122, True
13, 22, 4, 0, 47, 3, 13, 13, True, 0.0182, True
13, 22, 4, 0, 48, 3, 11, 16, False, 0.0182, True
13, 22, 4, 0, 49, 2, 7, 7, True, 0.0121, True
13, 22, 4, 0, 50, 2, 12, 12, True, 0.0121, True
13, 22, 4, 0, 51, 3, 16, 16, True, 0.0182, True
13, 22, 4, 0, 52, 3, 11, 11, True, 0.0182, True
13, 22, 4, 0, 53, 4, 13, 13, True, 0.0243, True
13, 22, 4, 0, 54, 4, 6, 6, True, 0.0242, True
13, 22, 4, 0, 55, 5, 6, 6, True, 0.0303, True
13, 22, 4, 0, 56, 5, 11, 11, True, 0.0303, True
13, 22, 4, 0, 57, 6, 7, 13, False, 0.0363, True
13, 22, 4, 0, 58, 5, 6, 6, True, 0.0303, True
13, 22, 4, 0, 59, 5, 18, 18, True, 0.0303, True
13, 22, 4, 0, 60, 6, 17, 17, True, 0.0363, True
13, 22, 4, 0, 61, 6, 16, 16, True, 0.0363, True
13, 22, 4, 0, 62, 7, 18, 18, True, 0.0423, True
13, 22, 4, 0, 63, 7, 18, 17, False, 0.0424, True
13, 22, 4, 0, 64, 6, 7, 12, False, 0.0363, True
13, 22, 5, 1, 0, 5, 16, 16, True, 0.0303, True
13, 22, 5, 1, 1, 5, 18, -1, False, 0.0303, True
13, 22, 5, 1, 2, 6, 16, 16, True, 0.0363, True
13, 22, 5, 1, 3, 6, 7, 6, False, 0.0363, True
13, 22, 5, 1, 4, 7, 7, 7, True, 0.0424, True
13, 22, 5, 1, 5, 7, 6, 6, True, 0.0424, True
13, 22, 5, 1, 6, 6, 7, 7, True, 0.0363, True
13, 22, 5, 1, 7, 6, 18, 18, True, 0.0364, True
13, 22, 5, 1, 8, 5, 13, 7, False, 0.0303, True
13, 22, 5, 1, 9, 6, 16, 21, False, 0.0364, True
13, 22, 5, 1, 10, 7, 13, 13, True, 0.0423, True
13, 22, 5, 1, 11, 7, 16, 16, True, 0.0424, True
13, 22, 5, 1, 12, 6, 7, 7, True, 0.0363, True
13, 22, 5, 1, 13, 6, 13, 13, True, 0.0363, True
13, 22, 5, 1, 14, 5, 13, 13, True, 0.0303, True
13, 22, 5, 1, 15, 5, 18, 18, True, 0.0303, True
13, 22, 5, 1, 16, 4, 7, 7, True, 0.0243, True
13, 22, 5, 1, 17, 4, 6, 6, True, 0.0242, True
13, 22, 5, 1, 18, 3, 16, 13, False, 0.0182, True
13, 22, 5, 1, 19, 4, 12, 12, True, 0.0242, True
13, 22, 5, 1, 20, 4, 8, 9, False, 0.0243, True
13, 22, 5, 1, 21, 5, 13, 13, True, 0.0303, True
13, 22, 5, 1, 22, 5, 18, 18, True, 0.0303, True
13, 22, 5, 1, 23, 4, 6, 18, False, 0.0242, True
13, 22, 5, 1, 24, 5, 6, 18, False, 0.0303, True
13, 22, 5, 1, 25, 6, 11, 23, False, 0.0364, True
13, 22, 5, 1, 26, 7, 12, 12, True, 0.0424, True
13, 22, 5, 1, 27, 7, 12, 12, True, 0.0424, True
13, 22, 5, 1, 28, 6, 8, 8, True, 0.0364, True
13, 22, 5, 1, 29, 6, 6, 12, False, 0.0363, True
13, 22, 5, 1, 30, 7, 11, 12, False, 0.0424, True
13, 22, 5, 1, 31, 8, 7, 12, False, 0.0484, True
13, 22, 5, 1, 32, 9, 16, 16, True, 0.0545, True
13, 22, 5, 1, 33, 9, 12, 8, False, 0.0545, True
13, 22, 5, 1, 34, 10, 11, 11, True, 0.0606, True
13, 22, 5, 1, 35, 10, 7, 7, True, 0.0606, True
13, 22, 5, 1, 36, 9, 12, 12, True, 0.0545, True
13, 22, 5, 1, 37, 9, 18, 18, True, 0.0545, True
13, 22, 5, 1, 38, 8, 13, 13, True, 0.0485, True
13, 22, 5, 1, 39, 8, 8, 8, True, 0.0484, True
13, 22, 5, 1, 40, 7, 18, 18, True, 0.0425, True
13, 22, 5, 1, 41, 7, 18, 18, True, 0.0424, True
13, 22, 5, 1, 42, 6, 17, 17, True, 0.0364, True
13, 22, 5, 1, 43, 6, 8, 8, True, 0.0363, True
13, 22, 5, 1, 44, 5, 6, 1, False, 0.0303, True
13, 22, 5, 1, 45, 6, 13, 13, True, 0.0363, True
13, 22, 5, 1, 46, 6, 12, 12, True, 0.0364, True
13, 22, 5, 1, 47, 5, 8, 12, False, 0.0303, True
13, 22, 5, 1, 48, 6, 11, 11, True, 0.0363, True
13, 22, 5, 1, 49, 6, 17, 17, True, 0.0364, True
13, 22, 5, 1, 50, 5, 13, 13, True, 0.0303, True
13, 22, 5, 1, 51, 5, 17, 17, True, 0.0303, True
13, 22, 5, 1, 52, 4, 16, 17, False, 0.0243, True
13, 22, 5, 1, 53, 5, 7, 7, True, 0.0302, True
13, 22, 5, 1, 54, 5, 6, 7, False, 0.0303, True
13, 22, 5, 1, 55, 6, 11, 12, False, 0.0363, True
13, 22, 5, 1, 56, 7, 12, 12, True, 0.0423, True
13, 22, 5, 1, 57, 7, 6, 6, True, 0.0424, True
13, 22, 5, 1, 58, 6, 16, 16, True, 0.0363, True
13, 22, 5, 1, 59, 6, 18, 7, False, 0.0363, True
13, 22, 5, 1, 60, 7, 17, 17, True, 0.0424, True
13, 22, 5, 1, 61, 7, 16, 16, True, 0.0424, True
13, 22, 5, 1, 62, 6, 11, 11, True, 0.0363, True
13, 22, 5, 1, 63, 6, 11, 11, True, 0.0363, True
13, 22, 5, 1, 64, 5, 7, 7, True, 0.0303, True
