56, 79, 1, 1, 10.0, 61.0, 32.0, 14.0, 22.0, -20.0, 4.0, -27.0, -27.0, 23.0, 39.0, 45.0, 26.0, -13.0, -4.0, 14.0, 62.0, -4.0, -49.0, 19.0, 32.0, 1.0, -47.0, -27.0, 48.0, 16.0, 16.0, 21.0, 13.0, 11.0, 1, 1, 4, 1.607
56, 79, 1, 2, 28.0, 1.0, 50.0, -24.0, -10.0, -33.0, 2.0, -2.0, 88.0, 13.0, 3.0, 63.0, 4.0, -30.0, 4.0, -9.0, 5.0, -3.0, 27.0, 24.0, 18.0, 42.0, 9.0, -30.0, -14.0, -7.0, 13.0, -20.0, 18.0, 30.0, 1, 1, 3, 1.359
56, 79, 1, 3, 20.0, -50.0, -27.0, 0.0, -14.0, 10.0, 37.0, 37.0, 9.0, -14.0, -23.0, 44.0, -27.0, -3.0, -10.0, -1.0, -1.0, 12.0, 9.0, 2.0, -27.0, 11.0, -7.0, -66.0, 6.0, -0.0, -45.0, -8.0, -27.0, 4.0, -1, 1, 11, 4.408
56, 79, 1, 4, 25.0, -1.0, 3.0, -21.0, 13.0, -2.0, -3.0, 2.0, -19.0, -13.0, -18.0, -8.0, -15.0, -12.0, -6.0, -26.0, -17.0, -17.0, 11.0, -8.0, -21.0, -26.0, -9.0, 11.0, 56.0, -14.0, -8.0, -17.0, -25.0, -35.0, -1, -1, 14, 5.301
56, 79, 1, 5, -17.0, 1.0, -36.0, -61.0, -11.0, -6.0, -30.0, -58.0, -12.0, 15.0, 28.0, -5.0, 4.0, -4.0, -9.0, -12.0, -47.0, 1.0, -67.0, -39.0, -76.0, -5.0, -27.0, -35.0, -29.0, 13.0, 7.0, 69.0, -8.0, 1.0, -1, -1, 5, 1.937
56, 79, 1, 6, -36.0, -15.0, 0.0, 40.0, 31.0, -24.0, 30.0, 29.0, -36.0, 17.0, 27.0, 57.0, -11.0, -1.0, -36.0, 27.0, 53.0, -43.0, -26.0, 30.0, 47.0, -37.0, 21.0, -12.0, 5.0, -31.0, -7.0, 24.0, 10.0, -41.0, 1, 1, 15, 5.876
56, 79, 1, 7, 29.0, 4.0, 19.0, 0.0, -18.0, -40.0, 17.0, -2.0, -23.0, 18.0, 6.0, 50.0, 4.0, -12.0, 52.0, -1.0, 37.0, -4.0, 28.0, -8.0, -10.0, -1.0, 7.0, 5.0, 4.0, 37.0, 41.0, 18.0, 7.0, 38.0, 1, 1, 13, 4.917
56, 79, 1, 8, 35.0, 19.0, 19.0, 9.0, 9.0, 39.0, 18.0, 4.0, 15.0, 37.0, -25.0, 14.0, 16.0, 23.0, -10.0, -15.0, 58.0, 26.0, -42.0, 31.0, -15.0, 2.0, 5.0, -8.0, -9.0, 17.0, 31.0, 11.0, 21.0, 43.0, 1, 1, 6, 2.343
56, 79, 1, 9, 2.0, -12.0, -22.0, 26.0, 6.0, -20.0, 28.0, 36.0, 15.0, 7.0, -5.0, 27.0, 26.0, -19.0, -41.0, -9.0, 12.0, 8.0, -1.0, -26.0, 40.0, -65.0, 43.0, 2.0, -5.0, 13.0, 23.0, 33.0, -14.0, 3.0, 1, 1, 12, 4.702
56, 79, 1, 10, 7.0, 34.0, -15.0, 34.0, 7.0, -33.0, 4.0, -1.0, 38.0, 14.0, -25.0, 14.0, -17.0, 27.0, -56.0, 18.0, 20.0, 34.0, 10.0, 21.0, 16.0, 24.0, 11.0, 27.0, 21.0, 42.0, 47.0, -7.0, 47.0, -16.0, 1, -1, 16, 6.159
56, 79, 1, 11, -38.0, 6.0, 56.0, -39.0, -16.0, 2.0, -25.0, -5.0, -13.0, 28.0, 6.0, -17.0, -12.0, 10.0, -24.0, 7.0, -13.0, -42.0, -53.0, 13.0, 2.0, 0.0, -35.0, -11.0, -3.0, -50.0, -59.0, 13.0, -19.0, -49.0, -1, 1, 13, 5.288
56, 79, 1, 12, -29.0, -12.0, 2.0, -45.0, 0.0, -22.0, 19.0, -10.0, 25.0, -33.0, -15.0, -28.0, 18.0, -42.0, 21.0, -13.0, 24.0, -61.0, -21.0, -34.0, -55.0, -49.0, -18.0, 47.0, -56.0, -0.0, -50.0, -32.0, -36.0, 7.0, -1, -1, 9, 3.631
56, 79, 1, 13, 17.0, -15.0, 35.0, 12.0, -26.0, 2.0, -16.0, 11.0, 58.0, 40.0, 2.0, -15.0, -2.0, 5.0, -10.0, 33.0, 15.0, 2.0, 7.0, 9.0, 42.0, -24.0, -11.0, 16.0, -18.0, -45.0, -8.0, 21.0, 7.0, -8.0, 1, 1, 16, 6.147
56, 79, 1, 14, -6.0, -1.0, 20.0, 10.0, -39.0, -24.0, -3.0, -66.0, -42.0, -54.0, -14.0, 40.0, -15.0, -30.0, -28.0, -14.0, -1.0, 16.0, 28.0, -25.0, -7.0, 4.0, -7.0, -38.0, -4.0, -54.0, -17.0, -42.0, 14.0, -12.0, -1, -1, 10, 3.919
56, 79, 1, 15, 17.0, -17.0, -4.0, -3.0, 33.0, 15.0, 25.0, 14.0, -0.0, 11.0, 43.0, 19.0, 26.0, -4.0, 13.0, 54.0, 10.0, -11.0, -12.0, 33.0, 55.0, 36.0, 34.0, -1.0, 38.0, 5.0, 18.0, 21.0, 16.0, 32.0, 1, 1, 7, 2.989
56, 79, 1, 16, 22.0, 3.0, -0.0, -9.0, -22.0, -13.0, 5.0, 10.0, -6.0, -18.0, 27.0, -6.0, -33.0, 7.0, -18.0, 51.0, -11.0, -6.0, -22.0, -30.0, -29.0, -55.0, 13.0, 9.0, 36.0, 10.0, 7.0, 55.0, -26.0, 23.0, -1, 1, 11, 4.4
56, 79, 1, 17, 30.0, 4.0, -9.0, 23.0, 23.0, -0.0, -6.0, -4.0, -40.0, -9.0, 20.0, -12.0, 32.0, 10.0, 28.0, 80.0, -1.0, 17.0, 24.0, -0.0, 2.0, 24.0, 46.0, -9.0, -13.0, -31.0, -14.0, 44.0, -9.0, -15.0, 1, 1, 17, 6.801
56, 79, 1, 18, 29.0, 49.0, 4.0, -14.0, -2.0, 18.0, 3.0, 28.0, 11.0, -41.0, -1.0, 7.0, 14.0, 0.0, 2.0, 1.0, 31.0, 4.0, 53.0, -14.0, 20.0, -5.0, -1.0, 26.0, 13.0, 41.0, -15.0, -39.0, 3.0, 23.0, 1, 1, 9, 3.5
56, 79, 1, 19, -0.0, -33.0, -17.0, -13.0, -44.0, 7.0, -39.0, -4.0, -44.0, 14.0, -19.0, -2.0, -61.0, -18.0, -18.0, -37.0, 8.0, -15.0, -47.0, 49.0, 1.0, -24.0, -41.0, 29.0, -73.0, -14.0, 4.0, -15.0, 3.0, -12.0, -1, -1, 5, 2.099
56, 79, 1, 20, -8.0, -6.0, 11.0, -1.0, 5.0, -35.0, -38.0, -41.0, 13.0, -17.0, -59.0, 19.0, -56.0, -30.0, -62.0, 7.0, -42.0, -31.0, -45.0, -11.0, 30.0, -33.0, -1.0, -8.0, -27.0, -7.0, -15.0, 25.0, 22.0, 52.0, -1, -1, 11, 4.285
56, 79, 1, 21, 27.0, 21.0, -7.0, 25.0, 57.0, 38.0, 60.0, -7.0, 33.0, -1.0, 5.0, -22.0, 15.0, 49.0, -9.0, -29.0, -12.0, -11.0, -32.0, 9.0, -17.0, -3.0, 11.0, 26.0, -2.0, -9.0, 70.0, -6.0, 23.0, 6.0, 1, 1, 8, 3.337
56, 79, 1, 22, -27.0, 24.0, 24.0, 22.0, 23.0, 23.0, -15.0, 47.0, 56.0, 12.0, -12.0, 24.0, 14.0, -16.0, -22.0, 76.0, 6.0, 6.0, 29.0, 27.0, 54.0, 11.0, -12.0, 30.0, 31.0, 11.0, 99.0, 44.0, 27.0, -7.0, 1, 1, 9, 3.501
56, 79, 1, 23, 22.0, -42.0, 25.0, -44.0, -20.0, 1.0, 12.0, 19.0, -23.0, 4.0, -26.0, 9.0, 9.0, -67.0, -14.0, 0.0, -15.0, -32.0, -10.0, 39.0, 0.0, 22.0, -32.0, -28.0, -25.0, -32.0, 6.0, -38.0, 7.0, -34.0, -1, -1, 13, 4.965
56, 79, 1, 24, 4.0, 34.0, 1.0, -5.0, 4.0, 29.0, -2.0, 28.0, 3.0, 43.0, 39.0, 20.0, 37.0, -32.0, 34.0, 4.0, -14.0, -21.0, 44.0, 12.0, -48.0, 4.0, 4.0, 21.0, 17.0, 49.0, 30.0, 29.0, 12.0, 8.0, 1, 1, 8, 3.054
56, 79, 1, 25, -0.0, -3.0, -15.0, -41.0, 25.0, 5.0, 36.0, -30.0, 39.0, 37.0, -4.0, -32.0, 58.0, 67.0, 40.0, 14.0, 13.0, 8.0, 0.0, 7.0, 32.0, 16.0, 37.0, 9.0, 28.0, 11.0, 37.0, 18.0, 5.0, -1.0, 1, 1, 14, 5.354
56, 79, 1, 26, -41.0, 30.0, 11.0, 29.0, -10.0, 21.0, 27.0, 34.0, -1.0, 3.0, 50.0, -7.0, -37.0, 1.0, -19.0, 41.0, -23.0, 36.0, 4.0, 36.0, -21.0, -7.0, -17.0, 37.0, 11.0, 9.0, 37.0, 18.0, 44.0, -3.0, 1, 1, 10, 3.844
56, 79, 1, 27, -2.0, -53.0, 50.0, 18.0, -20.0, 19.0, 46.0, 8.0, 35.0, 32.0, 16.0, -39.0, 3.0, -31.0, -5.0, -7.0, -3.0, -17.0, -1.0, -44.0, 4.0, 45.0, -18.0, 18.0, -17.0, -13.0, -1.0, 21.0, -35.0, -6.0, -1, 1, 9, 3.604
56, 79, 1, 28, -25.0, -5.0, 13.0, 61.0, -20.0, 38.0, -0.0, 18.0, 7.0, 27.0, 33.0, 44.0, 30.0, 1.0, 24.0, -4.0, -24.0, 6.0, 25.0, -11.0, 21.0, 21.0, 34.0, 23.0, 13.0, -2.0, 25.0, 12.0, -35.0, 20.0, 1, 1, 16, 6.186
56, 79, 1, 29, 13.0, -45.0, -11.0, -61.0, -8.0, -16.0, 12.0, 5.0, -8.0, -27.0, 32.0, 29.0, -39.0, -32.0, 4.0, 14.0, -25.0, -2.0, -37.0, 23.0, -24.0, 15.0, -11.0, -3.0, -51.0, 14.0, -1.0, 3.0, -9.0, -33.0, -1, -1, 13, 5.023
56, 79, 1, 30, 32.0, -38.0, -25.0, -43.0, 1.0, 23.0, -54.0, -23.0, -16.0, -34.0, -8.0, -15.0, -23.0, -29.0, -20.0, -4.0, -53.0, -42.0, -37.0, -7.0, -6.0, -63.0, 23.0, -16.0, -23.0, -25.0, -21.0, -15.0, -36.0, -57.0, -1, -1, 10, 4.004
56, 79, 2, 1, -29.0, 5.0, -42.0, -18.0, -50.0, 9.0, 3.0, 25.0, -5.0, -19.0, 46.0, 5.0, 34.0, 0.0, 19.0, 20.0, -38.0, 63.0, 0.0, 30.0, 33.0, -2.0, 37.0, 23.0, -33.0, 13.0, 45.0, 7.0, 9.0, -11.0, 1, -1, 9, 3.585
56, 79, 2, 2, 1.0, -18.0, -38.0, -4.0, -8.0, 25.0, 10.0, -51.0, -4.0, -2.0, 31.0, -38.0, -13.0, -23.0, 8.0, -6.0, 2.0, -17.0, -1.0, 47.0, -11.0, 24.0, 12.0, 47.0, -8.0, -36.0, -30.0, -16.0, -65.0, -58.0, -1, -1, 16, 6.222
56, 79, 2, 3, -21.0, 24.0, 39.0, -48.0, 48.0, 4.0, 47.0, -17.0, -11.0, -10.0, -4.0, -3.0, -6.0, 3.0, 27.0, -54.0, 42.0, -7.0, 45.0, 36.0, 31.0, 12.0, 16.0, 28.0, 25.0, 27.0, 39.0, -23.0, -25.0, -2.0, 1, 1, 13, 4.932
56, 79, 2, 4, 14.0, -38.0, -17.0, 6.0, 41.0, -33.0, -1.0, -42.0, -7.0, -48.0, -29.0, -67.0, -15.0, -23.0, -22.0, -57.0, -31.0, 25.0, 5.0, -36.0, -33.0, 16.0, -6.0, -47.0, -34.0, -24.0, 38.0, -14.0, -29.0, -3.0, -1, -1, 14, 5.412
56, 79, 2, 5, 5.0, -5.0, 2.0, 16.0, 19.0, -18.0, -38.0, -24.0, -32.0, 13.0, -8.0, -9.0, 17.0, -21.0, -23.0, 13.0, 22.0, -41.0, -3.0, 45.0, 0.0, 6.0, -4.0, -20.0, -2.0, -26.0, -4.0, -9.0, -1.0, -58.0, -1, 1, 16, 6.035
56, 79, 2, 6, -35.0, 26.0, -13.0, -50.0, -3.0, 27.0, 28.0, -8.0, 8.0, 38.0, -8.0, -15.0, 25.0, -7.0, -52.0, -15.0, 5.0, 2.0, -18.0, -81.0, -48.0, -18.0, -15.0, -28.0, -25.0, 31.0, -31.0, -25.0, -10.0, -33.0, -1, -1, 20, 7.519
56, 79, 2, 7, 38.0, -6.0, 38.0, -14.0, 10.0, -0.0, 45.0, 15.0, 1.0, -1.0, 38.0, 1.0, -25.0, -1.0, 56.0, -2.0, 11.0, 37.0, -0.0, 3.0, 46.0, 19.0, -3.0, 36.0, 7.0, 9.0, -34.0, -20.0, 9.0, -15.0, 1, 1, 13, 4.918
56, 79, 2, 8, -4.0, -13.0, 29.0, 2.0, -7.0, -4.0, 3.0, -2.0, -42.0, 1.0, -14.0, 3.0, 7.0, -34.0, -7.0, 35.0, -24.0, -2.0, 23.0, -48.0, -14.0, -22.0, -37.0, -33.0, -63.0, 10.0, -6.0, 0.0, -17.0, 9.0, -1, 1, 8, 3.131
56, 79, 2, 9, -25.0, 21.0, -5.0, 9.0, -17.0, 53.0, 39.0, 29.0, 38.0, -9.0, 37.0, 27.0, -28.0, 56.0, 3.0, 15.0, 9.0, -0.0, 84.0, 61.0, 33.0, -15.0, 6.0, -25.0, -2.0, 42.0, -11.0, 25.0, 13.0, 35.0, 1, 1, 14, 5.386
56, 79, 2, 10, 13.0, -2.0, 59.0, -13.0, 52.0, -32.0, 40.0, 5.0, -10.0, 48.0, 7.0, 18.0, 23.0, 6.0, -3.0, 46.0, -9.0, 23.0, 63.0, -25.0, 24.0, 9.0, 1.0, 5.0, -22.0, -31.0, 17.0, 66.0, 51.0, -4.0, 1, 1, 16, 6.119
56, 79, 2, 11, 15.0, 11.0, -14.0, -6.0, -65.0, -17.0, -27.0, -58.0, -31.0, 2.0, 7.0, -5.0, -29.0, -4.0, -45.0, -18.0, -73.0, 30.0, 12.0, -14.0, -19.0, -39.0, -27.0, 12.0, -21.0, -32.0, -5.0, -51.0, -57.0, -34.0, -1, -1, 15, 5.951
56, 79, 2, 12, 31.0, 45.0, -75.0, 20.0, 5.0, 21.0, -12.0, -5.0, 31.0, 2.0, 46.0, 14.0, 37.0, 8.0, 3.0, 22.0, 35.0, 5.0, 24.0, 48.0, 19.0, 31.0, -9.0, -8.0, 11.0, 24.0, 31.0, 16.0, 15.0, -16.0, 1, 1, 11, 4.463
56, 79, 2, 13, -19.0, -22.0, -54.0, 21.0, -3.0, -8.0, -33.0, 10.0, 5.0, -12.0, -41.0, -35.0, -8.0, -18.0, 14.0, 3.0, 19.0, -35.0, -47.0, 20.0, 13.0, 3.0, 2.0, -23.0, 19.0, -60.0, 21.0, -5.0, -10.0, -30.0, -1, -1, 5, 1.973
56, 79, 2, 14, -21.0, 47.0, 0.0, 27.0, 12.0, -30.0, -5.0, 45.0, -8.0, 19.0, 23.0, 18.0, 69.0, 9.0, 56.0, 40.0, 38.0, 75.0, 10.0, 32.0, -4.0, 16.0, 4.0, 53.0, -14.0, -4.0, 28.0, 68.0, -12.0, -5.0, 1, 1, 13, 4.94
56, 79, 2, 15, 38.0, 20.0, -44.0, 22.0, 11.0, 18.0, -34.0, 10.0, 29.0, 23.0, -27.0, 15.0, -6.0, 15.0, 38.0, 48.0, -6.0, 42.0, -5.0, 28.0, -8.0, 21.0, -22.0, -10.0, 8.0, 33.0, -14.0, 28.0, -3.0, -23.0, 1, -1, 16, 6.158
56, 79, 2, 16, 23.0, 15.0, -28.0, 1.0, -40.0, -23.0, 11.0, -25.0, -17.0, -15.0, -31.0, -29.0, -14.0, 14.0, -19.0, -45.0, -5.0, -1.0, -4.0, 23.0, -38.0, -4.0, 12.0, -16.0, -23.0, -3.0, -9.0, 23.0, 16.0, -27.0, -1, -1, 12, 4.719
56, 79, 2, 17, 5.0, -25.0, -9.0, -9.0, -27.0, -21.0, -23.0, 30.0, -26.0, 5.0, 21.0, -33.0, -15.0, 3.0, -24.0, -24.0, -38.0, 34.0, -6.0, -15.0, -11.0, -44.0, -49.0, -33.0, -11.0, -5.0, 16.0, -4.0, 24.0, 2.0, -1, -1, 7, 2.725
56, 79, 2, 18, -13.0, 23.0, 12.0, -21.0, 44.0, 46.0, -4.0, -10.0, 23.0, -63.0, 19.0, 21.0, -18.0, 18.0, 7.0, 41.0, 7.0, 6.0, 30.0, 26.0, 8.0, 53.0, -51.0, 43.0, -20.0, -53.0, 34.0, -35.0, 20.0, 70.0, 1, 1, 9, 3.45
56, 79, 2, 19, 6.0, 39.0, 5.0, -91.0, 1.0, 22.0, -1.0, 13.0, -23.0, -51.0, -4.0, 3.0, -3.0, -31.0, 1.0, -53.0, -13.0, -55.0, 14.0, 11.0, 29.0, 12.0, -13.0, -23.0, -5.0, -13.0, -17.0, -42.0, 6.0, -25.0, -1, -1, 13, 5.043
56, 79, 2, 20, 44.0, -20.0, -20.0, 46.0, 54.0, 10.0, -22.0, 30.0, 21.0, 5.0, 40.0, 29.0, 47.0, 27.0, 26.0, 13.0, -22.0, 18.0, 28.0, -0.0, -28.0, 24.0, -20.0, 14.0, -25.0, 7.0, 1.0, 22.0, 35.0, 55.0, 1, 1, 11, 4.19
56, 79, 2, 21, -13.0, -28.0, 26.0, 20.0, 21.0, 34.0, 17.0, -2.0, 1.0, -17.0, -13.0, -34.0, -3.0, 9.0, 1.0, 17.0, 99.0, 4.0, -9.0, 40.0, 10.0, -23.0, 35.0, 5.0, 51.0, -19.0, 4.0, 16.0, 47.0, -15.0, 1, -1, 12, 4.779
56, 79, 2, 22, -3.0, 10.0, -17.0, 9.0, -67.0, -0.0, -25.0, -31.0, 12.0, 5.0, -31.0, -17.0, -43.0, 1.0, 22.0, 23.0, -15.0, -24.0, 22.0, -12.0, -34.0, -64.0, 35.0, 9.0, -10.0, 5.0, 9.0, -17.0, -29.0, -40.0, -1, -1, 6, 2.526
56, 79, 2, 23, 39.0, 30.0, -9.0, 20.0, 38.0, 64.0, 26.0, 22.0, 32.0, 9.0, -17.0, 48.0, 12.0, 22.0, 19.0, -14.0, -59.0, 37.0, 25.0, 28.0, -30.0, -31.0, 37.0, -5.0, -23.0, 20.0, 8.0, 3.0, -5.0, -38.0, 1, 1, 5, 1.963
56, 79, 2, 24, -30.0, -0.0, -0.0, -25.0, 17.0, 4.0, -26.0, -38.0, -45.0, -56.0, -15.0, -10.0, -43.0, 30.0, 6.0, -11.0, -33.0, -40.0, -7.0, -15.0, 13.0, -12.0, 0.0, -28.0, -38.0, -13.0, -26.0, -48.0, -44.0, -22.0, -1, -1, 4, 1.841
56, 79, 2, 25, -19.0, -10.0, -13.0, -1.0, 8.0, -21.0, -22.0, 20.0, 49.0, -33.0, -26.0, 12.0, 58.0, -45.0, -27.0, 4.0, 7.0, 3.0, -10.0, -7.0, 3.0, 15.0, 27.0, 33.0, -39.0, 20.0, 14.0, 5.0, -24.0, 5.0, -1, -1, 6, 2.411
56, 79, 2, 26, 17.0, -11.0, -11.0, 2.0, -11.0, 20.0, -6.0, 74.0, 20.0, 31.0, 13.0, -8.0, 21.0, 30.0, 8.0, 59.0, 19.0, 31.0, 42.0, 16.0, -51.0, 26.0, 4.0, -29.0, 39.0, 78.0, 37.0, 3.0, -16.0, 23.0, 1, 1, 8, 3.05
56, 79, 2, 27, -30.0, -35.0, -13.0, 1.0, -44.0, -17.0, 20.0, -14.0, -2.0, -47.0, -4.0, 9.0, 29.0, -15.0, 6.0, -4.0, 10.0, -60.0, -7.0, -7.0, 8.0, -23.0, -12.0, -9.0, -28.0, -30.0, -9.0, -18.0, 10.0, -19.0, -1, -1, 10, 3.81
56, 79, 2, 28, -4.0, -29.0, -40.0, -21.0, -23.0, -36.0, -49.0, 37.0, -44.0, 26.0, 39.0, 11.0, -44.0, -2.0, 25.0, 69.0, 25.0, 11.0, -8.0, 20.0, 3.0, -25.0, -14.0, -45.0, -8.0, -38.0, -35.0, -12.0, 25.0, 14.0, -1, -1, 4, 1.774
56, 79, 2, 29, 41.0, -10.0, 4.0, -5.0, 20.0, 13.0, 51.0, 6.0, -7.0, -3.0, -1.0, -10.0, 13.0, 36.0, 26.0, -24.0, -21.0, 45.0, -1.0, 15.0, 28.0, 34.0, -29.0, 5.0, 15.0, 36.0, 8.0, 5.0, 10.0, -30.0, 1, 1, 5, 2.069
56, 79, 2, 30, 38.0, -9.0, 25.0, -21.0, -12.0, -29.0, -55.0, 26.0, 15.0, -5.0, -15.0, 14.0, 43.0, -15.0, 18.0, -17.0, -39.0, -10.0, 5.0, -20.0, -3.0, 33.0, -7.0, -5.0, -66.0, 26.0, -33.0, -31.0, -42.0, 39.0, -1, 1, 3, 1.32
56, 79, 3, 1, -55.0, -37.0, -32.0, -26.0, -25.0, -62.0, 14.0, -8.0, -22.0, -14.0, -27.0, 29.0, 37.0, -80.0, -63.0, -19.0, -8.0, 4.0, -19.0, -30.0, -4.0, -23.0, -10.0, -16.0, 2.0, -11.0, -41.0, -22.0, -22.0, 24.0, -1, -1, 3, 1.383
56, 79, 3, 2, -40.0, -20.0, 19.0, -15.0, -19.0, -13.0, -2.0, -22.0, -5.0, -2.0, -31.0, -26.0, -5.0, -15.0, 12.0, -22.0, -16.0, 14.0, -8.0, -26.0, -3.0, -35.0, 19.0, -17.0, 11.0, -28.0, 14.0, -4.0, 22.0, -38.0, -1, 1, 12, 4.819
56, 79, 3, 3, -64.0, 18.0, 0.0, 13.0, -5.0, -1.0, 20.0, -1.0, -33.0, -45.0, 34.0, -46.0, -19.0, 24.0, -1.0, 8.0, -29.0, -46.0, 56.0, 41.0, -8.0, -28.0, -4.0, 12.0, -23.0, -51.0, -26.0, -16.0, -7.0, -28.0, -1, -1, 15, 5.919
56, 79, 3, 4, 7.0, 21.0, -14.0, 18.0, -23.0, 25.0, 26.0, 11.0, 17.0, 22.0, -40.0, 31.0, 22.0, 21.0, 3.0, 12.0, 18.0, 30.0, -9.0, 17.0, 37.0, -16.0, 35.0, -24.0, 34.0, 26.0, 8.0, 13.0, 59.0, 10.0, 1, 1, 8, 3.069
56, 79, 3, 5, -15.0, 18.0, 6.0, -18.0, -19.0, 1.0, -5.0, -26.0, -30.0, -20.0, 7.0, -32.0, -19.0, -23.0, -27.0, -14.0, 4.0, -16.0, -45.0, -34.0, -29.0, 28.0, -13.0, -68.0, -53.0, 14.0, -42.0, -28.0, 19.0, -34.0, -1, -1, 15, 5.821
56, 79, 3, 6, -23.0, 4.0, 20.0, 9.0, -5.0, 6.0, -2.0, 19.0, 1.0, 5.0, -26.0, -25.0, 23.0, 11.0, -2.0, -33.0, 18.0, 18.0, 35.0, 49.0, 4.0, 18.0, -23.0, -8.0, 22.0, 45.0, -17.0, -58.0, -27.0, -47.0, 1, 1, 17, 6.482
56, 79, 3, 7, -9.0, -19.0, -17.0, -17.0, -45.0, 7.0, 9.0, -41.0, -14.0, -16.0, -13.0, -26.0, -71.0, -40.0, -6.0, 5.0, -5.0, -3.0, 8.0, -4.0, -18.0, -10.0, -34.0, -5.0, -38.0, 23.0, 24.0, -41.0, 6.0, -6.0, -1, -1, 7, 2.67
56, 79, 3, 8, 22.0, 2.0, 30.0, 44.0, 32.0, 5.0, 14.0, -15.0, 25.0, -8.0, 8.0, 12.0, -29.0, 16.0, 41.0, -9.0, 44.0, 30.0, 30.0, 64.0, -42.0, 26.0, -1.0, -32.0, -34.0, -22.0, 32.0, 13.0, 48.0, 18.0, 1, 1, 3, 1.31
56, 79, 3, 9, -15.0, -17.0, -2.0, -8.0, -34.0, -21.0, -32.0, 11.0, -23.0, 3.0, -21.0, -13.0, 15.0, -59.0, -14.0, -52.0, -48.0, -10.0, -19.0, -29.0, -12.0, -3.0, -16.0, -0.0, 39.0, -32.0, -1.0, -17.0, -25.0, -33.0, -1, -1, 4, 1.675
56, 79, 3, 10, 36.0, -21.0, -2.0, -10.0, 20.0, -7.0, 6.0, 19.0, 7.0, 24.0, 7.0, -3.0, 64.0, 26.0, 3.0, 9.0, -13.0, 2.0, 14.0, 34.0, 10.0, 11.0, 12.0, -1.0, 0.0, 9.0, -24.0, -19.0, -31.0, 30.0, 1, 1, 10, 3.878
56, 79, 3, 11, -3.0, -19.0, -3.0, -24.0, 10.0, -56.0, -36.0, -12.0, 2.0, -31.0, -39.0, -29.0, -41.0, -1.0, -9.0, -52.0, 20.0, 24.0, 23.0, 15.0, -23.0, -20.0, 14.0, -88.0, -11.0, -12.0, -31.0, 8.0, -17.0, -40.0, -1, -1, 3, 1.433
56, 79, 3, 12, -23.0, 27.0, -32.0, -27.0, 22.0, -43.0, -15.0, -12.0, 38.0, 52.0, -2.0, 2.0, 16.0, -54.0, -25.0, 29.0, 29.0, -17.0, 60.0, 25.0, -0.0, -27.0, 22.0, 40.0, -14.0, 1.0, 44.0, 22.0, 12.0, -19.0, 1, -1, 18, 6.958
56, 79, 3, 13, -14.0, -26.0, 17.0, 19.0, 7.0, -12.0, -34.0, 10.0, 15.0, 45.0, 4.0, 50.0, 22.0, -32.0, 12.0, 45.0, 81.0, -5.0, 2.0, -15.0, 9.0, 9.0, -1.0, 11.0, -12.0, 37.0, -2.0, 7.0, 36.0, 29.0, 1, -1, 10, 3.84
56, 79, 3, 14, 19.0, -5.0, -17.0, 32.0, -5.0, 3.0, 56.0, 24.0, 19.0, 53.0, 11.0, 9.0, 53.0, 12.0, -50.0, 20.0, 33.0, 48.0, 48.0, -30.0, -15.0, 1.0, 24.0, 31.0, -3.0, 4.0, 41.0, -22.0, -1.0, -4.0, 1, 1, 5, 2.062
56, 79, 3, 15, 39.0, -40.0, -14.0, -1.0, 12.0, -19.0, -36.0, 10.0, -13.0, -22.0, -55.0, -19.0, 6.0, 7.0, -10.0, -31.0, -11.0, 34.0, -58.0, -5.0, -21.0, -37.0, 16.0, 10.0, 18.0, -37.0, -4.0, -9.0, -14.0, -37.0, -1, -1, 13, 4.874
56, 79, 3, 16, -15.0, -22.0, -10.0, -12.0, -12.0, -12.0, -10.0, 18.0, 15.0, 4.0, 11.0, -56.0, -2.0, -30.0, -3.0, -45.0, 39.0, -8.0, -16.0, -43.0, -34.0, 1.0, 60.0, 56.0, 22.0, -43.0, -19.0, -6.0, 26.0, -0.0, -1, -1, 5, 2.029
56, 79, 3, 17, 14.0, 5.0, -10.0, -25.0, 31.0, -21.0, -5.0, 19.0, 3.0, -1.0, 13.0, -0.0, -22.0, -24.0, -21.0, -23.0, -1.0, 0.0, 14.0, -16.0, -2.0, -25.0, -5.0, 23.0, 60.0, -49.0, -13.0, -8.0, -7.0, -77.0, -1, 1, 11, 4.415
56, 79, 3, 18, 0.0, 8.0, 10.0, 26.0, -30.0, -9.0, -7.0, 5.0, -6.0, 13.0, 15.0, 13.0, 27.0, 12.0, -0.0, 58.0, -16.0, 4.0, -56.0, 27.0, -16.0, -24.0, 31.0, 12.0, 14.0, 2.0, 59.0, -12.0, -11.0, -18.0, 1, 1, 18, 6.831
56, 79, 3, 19, -15.0, 27.0, -2.0, -23.0, 14.0, 14.0, -5.0, 8.0, -3.0, -47.0, 2.0, -5.0, 55.0, -50.0, 1.0, 36.0, 32.0, 5.0, -6.0, -31.0, 48.0, -9.0, 28.0, -0.0, 25.0, 19.0, 16.0, -15.0, -29.0, -17.0, 1, -1, 17, 6.707
56, 79, 3, 20, 3.0, -7.0, 14.0, -20.0, -29.0, -47.0, -33.0, -41.0, 19.0, -23.0, -8.0, -30.0, 4.0, 5.0, -60.0, 24.0, 9.0, -4.0, -29.0, -19.0, -9.0, 19.0, -31.0, 18.0, -50.0, -23.0, -20.0, 46.0, -30.0, 2.0, -1, -1, 12, 4.623
56, 79, 3, 21, -28.0, 19.0, 42.0, -17.0, -3.0, 11.0, 28.0, 3.0, 26.0, 35.0, 30.0, -3.0, 41.0, 28.0, 27.0, 1.0, 16.0, -34.0, 19.0, -0.0, 84.0, 20.0, 36.0, 55.0, 49.0, 32.0, -26.0, 53.0, -51.0, 20.0, 1, 1, 9, 3.427
56, 79, 3, 22, -11.0, 28.0, 23.0, 22.0, 10.0, 5.0, -37.0, 35.0, -18.0, 13.0, 7.0, 33.0, 33.0, 46.0, 21.0, -37.0, 49.0, 7.0, 4.0, -4.0, 45.0, 14.0, 31.0, 15.0, 4.0, -10.0, -6.0, -14.0, 33.0, 11.0, 1, 1, 12, 4.687
56, 79, 3, 23, 5.0, 17.0, -38.0, 38.0, 29.0, 2.0, 48.0, 9.0, 40.0, -5.0, 25.0, 26.0, 18.0, -1.0, 2.0, -13.0, -20.0, 45.0, 18.0, 4.0, 30.0, 20.0, 10.0, 9.0, 6.0, 29.0, -13.0, -16.0, 17.0, -30.0, 1, 1, 7, 2.838
56, 79, 3, 24, 2.0, 58.0, 35.0, -19.0, -6.0, 11.0, 40.0, 36.0, 25.0, 20.0, 25.0, -0.0, 26.0, 64.0, 33.0, 8.0, -44.0, 14.0, 27.0, -40.0, -16.0, -12.0, 18.0, -22.0, -6.0, -20.0, 33.0, 29.0, 2.0, 6.0, 1, 1, 3, 1.189
56, 79, 3, 25, -5.0, 14.0, 19.0, 46.0, 2.0, -1.0, 27.0, -5.0, 17.0, -15.0, 36.0, -4.0, -17.0, -12.0, -3.0, 17.0, 35.0, 7.0, 21.0, 50.0, 12.0, 49.0, 7.0, 19.0, 24.0, 8.0, 14.0, -6.0, 12.0, 26.0, 1, 1, 5, 2.169
56, 79, 3, 26, -31.0, 4.0, -17.0, 0.0, 58.0, -24.0, 41.0, 12.0, -10.0, -22.0, 45.0, 32.0, -4.0, -28.0, -42.0, -39.0, 7.0, 9.0, 25.0, 14.0, 17.0, 45.0, -4.0, -41.0, 7.0, 24.0, 16.0, 15.0, 83.0, 26.0, 1, -1, 10, 3.858
56, 79, 3, 27, 33.0, 60.0, 4.0, 53.0, 18.0, 5.0, 57.0, 30.0, -25.0, 27.0, 27.0, 45.0, 17.0, 34.0, 33.0, -17.0, 0.0, 5.0, 2.0, -26.0, -19.0, 81.0, 23.0, -48.0, 24.0, 11.0, 37.0, 37.0, -45.0, 21.0, 1, 1, 7, 2.94
56, 79, 3, 28, 38.0, -1.0, 14.0, 15.0, 0.0, -1.0, 27.0, 30.0, -54.0, 8.0, 18.0, 26.0, 22.0, 21.0, 7.0, 56.0, -1.0, 31.0, -5.0, 9.0, -3.0, 22.0, 19.0, -1.0, 35.0, 0.0, 36.0, -1.0, 26.0, 20.0, 1, 1, 8, 3.079
56, 79, 3, 29, 53.0, -28.0, 20.0, 53.0, 42.0, 15.0, 7.0, 41.0, 35.0, 23.0, 14.0, -2.0, 4.0, -3.0, 35.0, -5.0, 21.0, -34.0, 14.0, 6.0, -3.0, 10.0, 39.0, -8.0, -19.0, 33.0, -23.0, -23.0, 62.0, 9.0, 1, 1, 8, 3.035
56, 79, 3, 30, -43.0, -14.0, 14.0, -12.0, 39.0, 22.0, 27.0, 22.0, -21.0, 40.0, 13.0, 21.0, 3.0, -55.0, -20.0, -17.0, 1.0, 34.0, 47.0, 19.0, 42.0, 4.0, 40.0, 42.0, -17.0, -13.0, 20.0, 6.0, -3.0, 13.0, 1, -1, 15, 5.919
56, 79, 4, 1, 18.0, 28.0, 35.0, 18.0, 31.0, 30.0, 13.0, 10.0, -10.0, 0.0, -21.0, 42.0, 57.0, -6.0, -55.0, -1.0, -3.0, -3.0, 36.0, 10.0, 13.0, 16.0, -43.0, 10.0, -0.0, 43.0, -7.0, 47.0, -16.0, -7.0, 1, 1, 5, 1.935
56, 79, 4, 2, 31.0, 21.0, 12.0, 16.0, -15.0, -14.0, 26.0, 42.0, 1.0, 9.0, -11.0, 27.0, 18.0, 50.0, 20.0, -6.0, 10.0, 7.0, 51.0, 33.0, 51.0, 25.0, 59.0, 0.0, -0.0, 39.0, -40.0, -2.0, 6.0, -13.0, 1, 1, 7, 2.786
56, 79, 4, 3, 12.0, 3.0, 11.0, 16.0, 17.0, 19.0, 49.0, 12.0, 29.0, 30.0, 5.0, -4.0, 0.0, 17.0, 35.0, -2.0, -32.0, -14.0, 21.0, 3.0, -11.0, 16.0, 0.0, 35.0, -25.0, -21.0, 0.0, 7.0, 13.0, 3.0, 1, 1, 7, 2.765
56, 79, 4, 4, 25.0, 21.0, -34.0, 21.0, 5.0, -5.0, -2.0, 19.0, -27.0, 4.0, 1.0, -7.0, 10.0, -51.0, 1.0, 43.0, 43.0, -30.0, 5.0, -34.0, 43.0, -1.0, -33.0, -14.0, -39.0, -23.0, -29.0, -25.0, -25.0, 5.0, -1, -1, 16, 6.132
56, 79, 4, 5, -18.0, 8.0, 13.0, -10.0, -24.0, 29.0, -21.0, -42.0, 40.0, -45.0, 1.0, -8.0, -25.0, -18.0, -84.0, -11.0, -27.0, 2.0, -4.0, 18.0, -35.0, -76.0, 52.0, -22.0, -0.0, -21.0, 13.0, -15.0, 27.0, -3.0, -1, -1, 15, 5.88
56, 79, 4, 6, 27.0, -23.0, 2.0, -12.0, 6.0, -17.0, -38.0, -22.0, 45.0, 43.0, 9.0, 2.0, 4.0, -6.0, 29.0, -21.0, -17.0, -6.0, -0.0, -14.0, 50.0, -10.0, 47.0, 24.0, -5.0, -7.0, 60.0, 7.0, -9.0, -11.0, 1, 1, 20, 7.612
56, 79, 4, 7, 8.0, -1.0, 21.0, 61.0, -16.0, -11.0, -35.0, -6.0, 48.0, 60.0, 16.0, 26.0, -10.0, 12.0, 0.0, 11.0, 45.0, 10.0, 37.0, -2.0, 15.0, 26.0, -39.0, 48.0, 63.0, 14.0, -29.0, 17.0, -16.0, -8.0, 1, 1, 10, 3.808
56, 79, 4, 8, -41.0, -24.0, 15.0, -26.0, -20.0, -48.0, -30.0, -55.0, 5.0, -66.0, -15.0, -34.0, -68.0, -38.0, -2.0, -16.0, -30.0, -28.0, -18.0, -24.0, -23.0, -20.0, -10.0, 4.0, 37.0, 9.0, -27.0, 42.0, -37.0, -3.0, -1, -1, 6, 2.496
56, 79, 4, 9, 10.0, -7.0, 25.0, -47.0, -42.0, -20.0, -35.0, -33.0, 11.0, 10.0, 17.0, 6.0, -69.0, -12.0, -18.0, 5.0, 10.0, -25.0, 4.0, -2.0, 11.0, -54.0, -16.0, -18.0, -42.0, -35.0, -12.0, -37.0, -12.0, -45.0, -1, -1, 16, 6.002
56, 79, 4, 10, 11.0, -40.0, -66.0, 11.0, -3.0, 23.0, -14.0, -6.0, -24.0, -63.0, 19.0, 16.0, 24.0, -21.0, -38.0, 20.0, -4.0, 6.0, -22.0, 13.0, -28.0, 21.0, -7.0, -2.0, -2.0, 5.0, 32.0, -7.0, 38.0, -5.0, -1, -1, 10, 3.863
56, 79, 4, 11, -38.0, -28.0, 14.0, -16.0, 24.0, -68.0, 3.0, -51.0, -15.0, -63.0, -22.0, -65.0, -10.0, -33.0, 21.0, -72.0, -35.0, -25.0, 28.0, -1.0, -14.0, 10.0, -49.0, -44.0, 38.0, -15.0, 2.0, -3.0, -10.0, -7.0, -1, -1, 8, 3.047
56, 79, 4, 12, 81.0, 57.0, 0.0, 27.0, -33.0, 26.0, -66.0, 7.0, 26.0, 14.0, 5.0, 40.0, -6.0, -2.0, -12.0, 17.0, -66.0, 10.0, 30.0, 20.0, 26.0, -40.0, 3.0, 21.0, -3.0, 10.0, -10.0, 35.0, 9.0, 5.0, 1, 1, 6, 2.473
56, 79, 4, 13, -40.0, 16.0, 3.0, 87.0, 24.0, -3.0, 15.0, -33.0, 7.0, 7.0, -46.0, 2.0, 15.0, 18.0, -7.0, 17.0, -25.0, -8.0, 12.0, 29.0, -2.0, 13.0, -39.0, 29.0, -7.0, 35.0, 69.0, 19.0, 22.0, -25.0, 1, -1, 23, 8.819
56, 79, 4, 14, 38.0, 38.0, -10.0, 13.0, 49.0, 12.0, -7.0, -35.0, 55.0, -15.0, -24.0, 0.0, 4.0, -40.0, -21.0, -16.0, 24.0, -17.0, 61.0, -32.0, 36.0, -40.0, 24.0, 19.0, 24.0, 15.0, 3.0, 19.0, 58.0, 15.0, 1, 1, 5, 1.973
56, 79, 4, 15, 11.0, -13.0, 10.0, -28.0, -5.0, 17.0, -57.0, -22.0, 10.0, -15.0, -48.0, -9.0, -9.0, 20.0, 3.0, 8.0, 10.0, -41.0, -13.0, -44.0, 10.0, -5.0, -20.0, 9.0, -6.0, 13.0, -8.0, 23.0, -11.0, -17.0, -1, -1, 12, 4.779
56, 79, 4, 16, -21.0, -5.0, -7.0, -6.0, 30.0, -28.0, -7.0, 39.0, 1.0, -51.0, 14.0, 40.0, -34.0, 3.0, 7.0, -7.0, 11.0, -10.0, 31.0, -25.0, 25.0, -19.0, 27.0, -5.0, -14.0, -15.0, -6.0, -39.0, 13.0, 27.0, 1, 1, 23, 8.737
56, 79, 4, 17, -18.0, -28.0, 13.0, -4.0, -41.0, -40.0, -29.0, 6.0, -41.0, -14.0, 8.0, -7.0, -17.0, 16.0, -27.0, -8.0, 2.0, -21.0, 3.0, -17.0, 2.0, -18.0, 19.0, -6.0, -3.0, -43.0, -41.0, 17.0, 21.0, -27.0, -1, -1, 17, 6.649
56, 79, 4, 18, 23.0, -21.0, -0.0, 3.0, 19.0, 14.0, 9.0, -4.0, 5.0, 23.0, -16.0, -10.0, -4.0, -11.0, 34.0, -42.0, -26.0, -24.0, 17.0, 30.0, -15.0, -0.0, -6.0, -5.0, 71.0, -2.0, 32.0, -3.0, -5.0, 35.0, 1, 1, 15, 5.812
56, 79, 4, 19, -4.0, 34.0, -1.0, -6.0, 20.0, 5.0, -18.0, 10.0, -12.0, 40.0, 15.0, 35.0, 42.0, -15.0, 20.0, 25.0, 70.0, -7.0, 21.0, 4.0, -40.0, -26.0, -29.0, -18.0, -31.0, 42.0, -14.0, -14.0, 9.0, -16.0, 1, 1, 12, 4.747
56, 79, 4, 20, -52.0, -12.0, 15.0, -2.0, 9.0, 1.0, -14.0, -28.0, -10.0, -3.0, -12.0, -36.0, -23.0, -25.0, 24.0, -5.0, -2.0, -13.0, 11.0, 6.0, -34.0, -38.0, 14.0, 20.0, 36.0, -67.0, -44.0, 16.0, -11.0, -10.0, -1, -1, 10, 3.905
56, 79, 4, 21, -49.0, -32.0, -46.0, -34.0, -3.0, -30.0, -5.0, -16.0, -27.0, -3.0, -27.0, -37.0, -4.0, 38.0, -41.0, -38.0, -28.0, 17.0, -29.0, -9.0, -42.0, -35.0, -16.0, 14.0, -7.0, -0.0, -64.0, -27.0, -26.0, 16.0, -1, -1, 3, 1.385
56, 79, 4, 22, -19.0, -21.0, 23.0, -3.0, -4.0, -9.0, 20.0, -29.0, 23.0, 16.0, 36.0, -5.0, 17.0, 28.0, 14.0, 32.0, -11.0, 2.0, 26.0, 10.0, 26.0, -6.0, -11.0, 30.0, 14.0, 33.0, 43.0, 23.0, -47.0, 12.0, 1, 1, 14, 5.463
56, 79, 4, 23, -2.0, -17.0, -21.0, -3.0, -23.0, 20.0, -16.0, 14.0, 12.0, -20.0, -6.0, 10.0, -33.0, -5.0, -11.0, -14.0, 10.0, 1.0, -31.0, 2.0, -21.0, -35.0, -40.0, -10.0, 14.0, 4.0, -15.0, -28.0, -37.0, -5.0, -1, -1, 15, 5.836
56, 79, 4, 24, 38.0, 14.0, 53.0, -15.0, 6.0, -34.0, -3.0, -7.0, -56.0, 27.0, 50.0, 11.0, 45.0, -10.0, -28.0, 32.0, -5.0, 15.0, 34.0, -0.0, -33.0, 17.0, -25.0, 13.0, -22.0, 24.0, -35.0, 5.0, 20.0, -32.0, 1, 1, 11, 4.322
56, 79, 4, 25, -21.0, 41.0, 55.0, -14.0, 23.0, 1.0, -2.0, 37.0, -6.0, -14.0, 33.0, 6.0, 80.0, 28.0, 33.0, 12.0, -6.0, -2.0, -39.0, 27.0, 37.0, 24.0, -25.0, -29.0, 60.0, 20.0, 83.0, -7.0, 7.0, 76.0, 1, 1, 11, 4.292
56, 79, 4, 26, 29.0, 34.0, -7.0, -1.0, -2.0, -12.0, 28.0, 23.0, 5.0, -27.0, -5.0, -16.0, 21.0, 42.0, -11.0, -5.0, 53.0, 29.0, -21.0, 1.0, 22.0, 4.0, 23.0, -1.0, 15.0, 51.0, 21.0, 16.0, -22.0, 17.0, 1, 1, 12, 4.579
56, 79, 4, 27, 17.0, -6.0, -20.0, 12.0, 19.0, -13.0, -25.0, -14.0, -2.0, -50.0, -11.0, -10.0, -47.0, -3.0, 67.0, -11.0, -7.0, -29.0, -19.0, -18.0, -22.0, -11.0, -16.0, -40.0, -34.0, -0.0, -23.0, 10.0, -48.0, -25.0, -1, -1, 15, 5.668
56, 79, 4, 28, 0.0, 8.0, 3.0, 26.0, 6.0, -3.0, 14.0, -15.0, 27.0, 6.0, 4.0, -10.0, 40.0, 45.0, 19.0, -50.0, 35.0, 25.0, 33.0, 22.0, -9.0, 53.0, -14.0, 34.0, -38.0, 33.0, 24.0, 10.0, 18.0, -16.0, 1, 1, 13, 4.904
56, 79, 4, 29, 9.0, -2.0, 30.0, -30.0, 59.0, 8.0, 19.0, -14.0, 21.0, -25.0, -2.0, -1.0, -35.0, 16.0, 9.0, 10.0, 41.0, 64.0, 21.0, 7.0, 57.0, -30.0, 3.0, -5.0, 16.0, -1.0, -7.0, 57.0, 28.0, 39.0, 1, 1, 14, 5.492
56, 79, 4, 30, -55.0, -0.0, 13.0, 23.0, -28.0, -7.0, 25.0, -11.0, 0.0, 12.0, 47.0, -1.0, -13.0, -18.0, 60.0, 6.0, -3.0, 29.0, 42.0, -20.0, -5.0, 30.0, -2.0, 11.0, 4.0, 35.0, 72.0, 30.0, -22.0, -17.0, 1, 1, 15, 5.847
56, 79, 5, 1, 7.0, 37.0, -10.0, 18.0, 7.0, 31.0, 16.0, -8.0, 31.0, 49.0, 43.0, 15.0, 26.0, 41.0, -22.0, 31.0, 26.0, 1.0, 16.0, 12.0, 57.0, 30.0, -9.0, 11.0, 3.0, -2.0, 19.0, 16.0, -3.0, 2.0, 1, 1, 6, 2.315
56, 79, 5, 2, 27.0, 5.0, 7.0, 10.0, 42.0, -8.0, 10.0, 10.0, 13.0, -17.0, 10.0, 24.0, 15.0, 24.0, -2.0, -0.0, -4.0, -20.0, -13.0, 38.0, -8.0, -2.0, -24.0, 62.0, 34.0, 13.0, 48.0, 12.0, 55.0, -26.0, 1, 1, 10, 4.072
56, 79, 5, 3, -15.0, -13.0, 16.0, -25.0, -24.0, -20.0, -29.0, -3.0, -7.0, 17.0, 19.0, 16.0, 19.0, -19.0, 16.0, -26.0, -62.0, -4.0, -43.0, -29.0, -3.0, -26.0, 37.0, 17.0, -18.0, 45.0, 2.0, -29.0, -11.0, -50.0, -1, -1, 12, 4.549
56, 79, 5, 4, 13.0, -7.0, -3.0, -12.0, 31.0, -31.0, -45.0, 13.0, 26.0, -18.0, -3.0, 1.0, 84.0, -5.0, 8.0, -7.0, -23.0, -31.0, -72.0, 17.0, 14.0, 30.0, 1.0, 50.0, 30.0, -47.0, -0.0, 30.0, 5.0, -2.0, 1, 1, 13, 4.964
56, 79, 5, 5, 21.0, -14.0, 24.0, 3.0, 12.0, -35.0, -8.0, -8.0, 20.0, 45.0, 46.0, -43.0, -28.0, -23.0, 3.0, 2.0, -53.0, 2.0, -5.0, -49.0, -26.0, 10.0, -9.0, -40.0, -49.0, -36.0, -14.0, -18.0, -42.0, 13.0, -1, 1, 13, 4.94
56, 79, 5, 6, -5.0, -6.0, -47.0, 32.0, 12.0, -26.0, 20.0, -6.0, -26.0, -20.0, -50.0, 17.0, -34.0, -2.0, 23.0, -17.0, -15.0, -40.0, -0.0, 6.0, -15.0, 28.0, -6.0, -21.0, -32.0, 9.0, -61.0, -17.0, -55.0, 17.0, -1, -1, 11, 4.335
56, 79, 5, 7, -35.0, -12.0, 9.0, -19.0, 30.0, -23.0, 18.0, -5.0, -29.0, -46.0, -0.0, -10.0, -28.0, 2.0, -23.0, -24.0, -31.0, -3.0, 13.0, -49.0, -58.0, -16.0, -37.0, 7.0, -34.0, -0.0, -5.0, -39.0, -56.0, 1.0, -1, -1, 13, 5.145
56, 79, 5, 8, -22.0, -3.0, 18.0, 27.0, 17.0, 0.0, 17.0, 30.0, -18.0, 42.0, 10.0, -1.0, 11.0, 14.0, -21.0, -7.0, -13.0, 2.0, -30.0, 2.0, -72.0, -4.0, -15.0, 25.0, 19.0, 32.0, -2.0, -17.0, -43.0, 8.0, 1, 1, 11, 4.296
56, 79, 5, 9, -19.0, 21.0, 4.0, 1.0, 5.0, 3.0, -28.0, 18.0, 25.0, 17.0, 14.0, -4.0, 48.0, -12.0, 30.0, 13.0, -5.0, 22.0, 17.0, -3.0, 53.0, 12.0, 32.0, -5.0, 22.0, -48.0, 9.0, 17.0, 7.0, 26.0, 1, 1, 15, 5.804
56, 79, 5, 10, 11.0, -7.0, 33.0, -0.0, -74.0, 37.0, -55.0, -35.0, -3.0, 26.0, 33.0, -8.0, -38.0, -36.0, 2.0, 12.0, 11.0, -24.0, -29.0, -45.0, -12.0, 6.0, -4.0, -22.0, 12.0, 23.0, -43.0, 2.0, -8.0, -6.0, -1, -1, 19, 7.189
56, 79, 5, 11, -38.0, -3.0, -4.0, -17.0, -22.0, -32.0, -47.0, -7.0, -8.0, -49.0, -43.0, -10.0, -12.0, -2.0, 2.0, 11.0, -48.0, -46.0, -16.0, 10.0, -13.0, -3.0, -74.0, -23.0, -9.0, 14.0, -19.0, -18.0, -34.0, 8.0, -1, -1, 7, 2.861
56, 79, 5, 12, 36.0, -28.0, 8.0, 26.0, -2.0, 11.0, -2.0, 14.0, -22.0, -23.0, 17.0, 32.0, -4.0, 13.0, -10.0, -2.0, -24.0, -15.0, 15.0, -21.0, -0.0, 1.0, -24.0, -30.0, -9.0, 8.0, -9.0, 31.0, 31.0, 34.0, 1, 1, 8, 3.214
56, 79, 5, 13, 26.0, -6.0, 12.0, 56.0, 9.0, -34.0, 21.0, 8.0, -3.0, -11.0, -41.0, -12.0, 43.0, -14.0, -1.0, 6.0, 26.0, 17.0, 22.0, -6.0, 19.0, 37.0, -9.0, -7.0, -3.0, 32.0, 17.0, -28.0, 36.0, -32.0, 1, 1, 7, 2.733
56, 79, 5, 14, 6.0, -19.0, 28.0, 34.0, -0.0, -20.0, -56.0, 22.0, 11.0, 15.0, 0.0, -50.0, -38.0, -49.0, -58.0, -7.0, -13.0, -10.0, 2.0, -16.0, 34.0, 43.0, 16.0, 17.0, -12.0, -45.0, -5.0, -8.0, -24.0, -35.0, -1, -1, 13, 5.145
56, 79, 5, 15, 4.0, -18.0, 22.0, 2.0, 32.0, -8.0, -2.0, -5.0, -2.0, 21.0, -14.0, 11.0, 17.0, 24.0, 30.0, 18.0, 10.0, 14.0, -25.0, 19.0, 16.0, 59.0, 8.0, 32.0, -6.0, -22.0, -51.0, 32.0, 28.0, 1.0, 1, 1, 12, 4.573
56, 79, 5, 16, -0.0, 52.0, 6.0, 9.0, -19.0, -22.0, 7.0, -6.0, 21.0, -25.0, -12.0, -5.0, 25.0, 7.0, -28.0, 6.0, 7.0, 35.0, 8.0, 19.0, 28.0, 14.0, 44.0, 32.0, 8.0, -16.0, -34.0, -7.0, 56.0, -18.0, 1, 1, 19, 7.342
56, 79, 5, 17, 2.0, 40.0, 4.0, 4.0, -6.0, 8.0, -14.0, 36.0, 4.0, 29.0, 37.0, 12.0, 39.0, -6.0, -24.0, 16.0, -9.0, 32.0, 37.0, 5.0, -29.0, -12.0, 22.0, 90.0, 1.0, 11.0, 45.0, 48.0, 22.0, -12.0, 1, 1, 10, 3.892
56, 79, 5, 18, 16.0, -22.0, -19.0, -12.0, -19.0, -28.0, -17.0, 25.0, -34.0, -9.0, 1.0, 46.0, 19.0, -10.0, 0.0, -19.0, 19.0, -7.0, -36.0, 5.0, -31.0, -22.0, -8.0, -33.0, 2.0, -15.0, -8.0, 14.0, 13.0, 16.0, -1, -1, 22, 8.467
56, 79, 5, 19, -16.0, -28.0, -27.0, -44.0, -16.0, -14.0, -43.0, -39.0, 16.0, 6.0, -16.0, -4.0, -43.0, -13.0, -54.0, -47.0, -44.0, -17.0, 15.0, -17.0, -54.0, 0.0, -14.0, -12.0, -83.0, 10.0, 4.0, 24.0, -8.0, 29.0, -1, -1, 4, 1.83
56, 79, 5, 20, 7.0, -41.0, 3.0, 6.0, -27.0, 1.0, -17.0, -8.0, 14.0, -16.0, -35.0, 28.0, -25.0, -16.0, -20.0, -19.0, 31.0, -1.0, -31.0, 35.0, 21.0, 19.0, 13.0, -17.0, -42.0, 14.0, -5.0, -5.0, -5.0, -12.0, -1, -1, 11, 4.474
56, 79, 5, 21, 15.0, 13.0, 14.0, 38.0, 41.0, 5.0, -2.0, 40.0, 15.0, 33.0, -17.0, 2.0, 47.0, 20.0, 45.0, 5.0, 37.0, 39.0, 27.0, 23.0, 31.0, 30.0, -14.0, 44.0, -6.0, -3.0, -11.0, 1.0, 49.0, 43.0, 1, 1, 6, 2.303
56, 79, 5, 22, -12.0, -11.0, 33.0, 32.0, 12.0, -7.0, -15.0, -38.0, -16.0, 27.0, 0.0, -4.0, 27.0, 15.0, -26.0, 30.0, -13.0, 27.0, -3.0, 52.0, -22.0, 25.0, -5.0, 50.0, -9.0, -4.0, 24.0, 39.0, 26.0, 79.0, 1, 1, 20, 7.571
56, 79, 5, 23, -21.0, -48.0, -8.0, 1.0, -6.0, 39.0, -33.0, -11.0, -13.0, -9.0, -25.0, -49.0, -65.0, 12.0, -12.0, -4.0, -8.0, -23.0, 9.0, -7.0, 16.0, -25.0, 23.0, -10.0, -12.0, -34.0, -3.0, -3.0, -44.0, 6.0, -1, -1, 9, 3.479
56, 79, 5, 24, -12.0, -7.0, -29.0, 18.0, -20.0, -33.0, -30.0, 37.0, 36.0, -52.0, -44.0, -24.0, -36.0, -22.0, -21.0, 27.0, -20.0, 6.0, -13.0, -2.0, 2.0, -45.0, 1.0, -8.0, -8.0, 48.0, -20.0, -54.0, 46.0, -26.0, -1, -1, 7, 2.763
56, 79, 5, 25, -43.0, -28.0, 42.0, -48.0, -31.0, -24.0, -13.0, 4.0, -59.0, -5.0, 21.0, 5.0, -10.0, -26.0, 3.0, -12.0, -27.0, -11.0, -53.0, 10.0, -0.0, -77.0, 20.0, 3.0, -20.0, -44.0, -25.0, -7.0, -3.0, -36.0, -1, -1, 9, 3.509
56, 79, 5, 26, 34.0, 26.0, 13.0, 17.0, 4.0, 32.0, -32.0, -20.0, 22.0, -20.0, 24.0, -14.0, -19.0, -62.0, 30.0, 8.0, -8.0, -27.0, 23.0, 7.0, -8.0, -19.0, -9.0, 13.0, 11.0, 36.0, 9.0, -21.0, 4.0, 17.0, 1, 1, 4, 1.731
56, 79, 5, 27, 25.0, -8.0, -22.0, 43.0, 17.0, 13.0, -23.0, 20.0, -10.0, 19.0, 44.0, -54.0, -16.0, 40.0, 73.0, 20.0, -1.0, 32.0, 8.0, -14.0, 62.0, -6.0, 18.0, 55.0, 52.0, -20.0, 5.0, 29.0, 4.0, 19.0, 1, 1, 11, 4.354
56, 79, 5, 28, 19.0, -39.0, -18.0, -21.0, -25.0, 49.0, -3.0, -60.0, -21.0, -19.0, -8.0, -46.0, -9.0, -39.0, -22.0, 4.0, -1.0, -27.0, 24.0, -20.0, -12.0, -14.0, 57.0, 2.0, 13.0, -12.0, -47.0, -17.0, 3.0, -33.0, -1, -1, 12, 4.842
56, 79, 5, 29, -30.0, -51.0, -36.0, -28.0, -14.0, -6.0, -6.0, -19.0, -46.0, -73.0, -2.0, -12.0, 13.0, 10.0, -50.0, -36.0, -22.0, -36.0, 23.0, 52.0, -24.0, 0.0, -5.0, -7.0, -20.0, 15.0, 37.0, 17.0, -25.0, -31.0, -1, -1, 5, 1.974
56, 79, 5, 30, -16.0, 4.0, 16.0, 17.0, 29.0, 19.0, 27.0, -8.0, 57.0, 7.0, 23.0, 2.0, 3.0, -27.0, 39.0, 1.0, -42.0, 6.0, -17.0, 35.0, 53.0, 17.0, 32.0, 9.0, 50.0, -18.0, 32.0, -13.0, 17.0, 10.0, 1, 1, 8, 3.139
56, 79, 6, 1, 17.0, -23.0, 25.0, 11.0, -14.0, 28.0, -20.0, 63.0, 0.0, 8.0, 54.0, 4.0, 41.0, -25.0, 26.0, 2.0, -30.0, -1.0, 22.0, 5.0, 16.0, -4.0, 12.0, 2.0, 47.0, 35.0, 13.0, -7.0, 21.0, 73.0, 1, 1, 8, 3.116
56, 79, 6, 2, 20.0, -1.0, 2.0, -5.0, 52.0, 34.0, 20.0, 11.0, 52.0, 37.0, -12.0, -45.0, 16.0, -0.0, 6.0, 11.0, 0.0, 19.0, 70.0, -22.0, -33.0, 21.0, 4.0, 8.0, 9.0, 26.0, -32.0, 10.0, 3.0, 46.0, 1, 1, 6, 2.4
56, 79, 6, 3, 28.0, 44.0, 42.0, -17.0, -6.0, 20.0, -4.0, 19.0, -6.0, 14.0, 47.0, 15.0, 16.0, 42.0, 28.0, 6.0, 22.0, 3.0, -13.0, -5.0, 26.0, 34.0, -9.0, 13.0, 50.0, -21.0, -8.0, -29.0, 20.0, 34.0, 1, 1, 10, 3.792
56, 79, 6, 4, -30.0, 50.0, 10.0, -4.0, 1.0, 30.0, 15.0, 5.0, 4.0, 2.0, 22.0, 14.0, 30.0, -18.0, -22.0, 18.0, -4.0, 42.0, 49.0, 14.0, -39.0, -33.0, 4.0, -1.0, -4.0, 34.0, -16.0, 18.0, 18.0, 40.0, 1, 1, 11, 4.476
56, 79, 6, 5, -2.0, -34.0, 32.0, -19.0, 9.0, 2.0, 34.0, -3.0, 48.0, 39.0, 4.0, 3.0, 31.0, 20.0, 37.0, 61.0, -18.0, 26.0, 5.0, -15.0, -16.0, 5.0, 4.0, -28.0, 15.0, 13.0, -22.0, 23.0, 11.0, 14.0, 1, 1, 10, 3.815
56, 79, 6, 6, 21.0, 8.0, 13.0, -23.0, -63.0, 8.0, 8.0, -63.0, -17.0, 6.0, -6.0, -0.0, 11.0, -6.0, -6.0, 18.0, -21.0, -7.0, -13.0, -30.0, -17.0, 1.0, 39.0, -8.0, -4.0, -11.0, 42.0, -29.0, -34.0, -11.0, -1, -1, 14, 5.532
56, 79, 6, 7, -16.0, 7.0, 10.0, -46.0, 9.0, -30.0, -26.0, -36.0, -9.0, 11.0, -31.0, -19.0, 35.0, -1.0, -22.0, -24.0, -25.0, -45.0, -21.0, -6.0, -3.0, -15.0, -39.0, -28.0, -12.0, -27.0, -5.0, 23.0, 2.0, -33.0, -1, -1, 7, 2.657
56, 79, 6, 8, -13.0, 11.0, -16.0, -26.0, -2.0, 12.0, 1.0, -7.0, 13.0, -22.0, 68.0, -13.0, -23.0, -6.0, 9.0, 27.0, -30.0, -24.0, -10.0, -2.0, -52.0, 2.0, -9.0, -4.0, 0.0, -5.0, -36.0, -9.0, -10.0, 3.0, -1, -1, 21, 8.038
56, 79, 6, 9, 21.0, -6.0, -26.0, 27.0, 29.0, 15.0, 40.0, -15.0, -46.0, 4.0, -15.0, -10.0, -7.0, -12.0, -40.0, 3.0, -25.0, -11.0, 31.0, -11.0, -34.0, -17.0, -31.0, -29.0, -5.0, -8.0, -34.0, -54.0, -17.0, 11.0, -1, -1, 17, 6.391
56, 79, 6, 10, 11.0, 66.0, 50.0, 15.0, -23.0, 31.0, -2.0, 53.0, -7.0, -45.0, 2.0, 6.0, -26.0, 18.0, 23.0, -1.0, -29.0, 14.0, 3.0, -32.0, 8.0, 23.0, 14.0, 83.0, 6.0, 40.0, 46.0, 38.0, -7.0, 11.0, 1, -1, 18, 6.902
56, 79, 6, 11, 19.0, -35.0, -17.0, -2.0, -10.0, 3.0, -22.0, -36.0, -41.0, 25.0, 14.0, 10.0, -36.0, 7.0, -38.0, -27.0, 15.0, -42.0, -31.0, -3.0, 10.0, -30.0, -20.0, 6.0, -3.0, -41.0, 25.0, -23.0, -16.0, -58.0, -1, -1, 9, 3.481
56, 79, 6, 12, 40.0, -26.0, -45.0, -6.0, -45.0, -34.0, -17.0, -50.0, -16.0, -14.0, 29.0, -35.0, 9.0, -32.0, 19.0, -28.0, 7.0, 10.0, 15.0, 51.0, 15.0, -42.0, -36.0, 7.0, -45.0, -8.0, -10.0, -32.0, -9.0, -59.0, -1, -1, 14, 5.354
56, 79, 6, 13, -21.0, 39.0, -10.0, -29.0, -9.0, -7.0, -36.0, -29.0, -17.0, -6.0, -40.0, -14.0, -28.0, 2.0, -26.0, 22.0, -37.0, -47.0, -24.0, -18.0, 48.0, 25.0, -23.0, -13.0, -12.0, -14.0, -25.0, -7.0, -16.0, -58.0, -1, -1, 11, 4.274
56, 79, 6, 14, -11.0, 14.0, -11.0, 11.0, -20.0, -45.0, -7.0, 36.0, -49.0, -3.0, 38.0, 3.0, 5.0, 28.0, 20.0, -43.0, -20.0, -44.0, -17.0, 6.0, -29.0, 9.0, -45.0, 35.0, -40.0, 26.0, 27.0, -36.0, -39.0, -36.0, -1, -1, 6, 2.503
56, 79, 6, 15, 18.0, -28.0, -47.0, 10.0, -18.0, -35.0, 22.0, 8.0, 26.0, -31.0, 21.0, 12.0, 28.0, 26.0, 36.0, 16.0, 28.0, 41.0, 24.0, -25.0, -13.0, 16.0, -2.0, 10.0, 25.0, 81.0, -11.0, 8.0, -11.0, 5.0, 1, 1, 15, 5.928
56, 79, 6, 16, 18.0, 18.0, 58.0, 6.0, -29.0, 87.0, -7.0, 3.0, -40.0, 16.0, 1.0, 32.0, 5.0, 19.0, 11.0, 61.0, -25.0, 52.0, -40.0, 13.0, 7.0, 53.0, -14.0, -31.0, -14.0, -17.0, -19.0, 23.0, -24.0, 20.0, 1, 1, 8, 3.099
56, 79, 6, 17, -8.0, -24.0, -13.0, -7.0, 13.0, -33.0, 48.0, 29.0, 6.0, -59.0, 14.0, -13.0, 4.0, -28.0, -48.0, -26.0, -27.0, -46.0, 7.0, -9.0, -27.0, -29.0, 1.0, -0.0, -1.0, 18.0, 5.0, 21.0, -6.0, -33.0, -1, -1, 10, 3.988
56, 79, 6, 18, -41.0, -10.0, 23.0, 13.0, -29.0, -8.0, 8.0, -4.0, 17.0, -14.0, -31.0, -15.0, 10.0, -13.0, 2.0, 34.0, 16.0, 3.0, 19.0, -16.0, 24.0, 2.0, 38.0, 38.0, -22.0, 22.0, 3.0, 35.0, 15.0, -20.0, 1, -1, 13, 4.942
56, 79, 6, 19, -16.0, -2.0, 7.0, -18.0, -3.0, -10.0, -21.0, -36.0, -52.0, -50.0, -20.0, -20.0, -1.0, -23.0, -15.0, 8.0, -69.0, -15.0, 16.0, -7.0, 50.0, 15.0, 26.0, -14.0, -4.0, 6.0, -16.0, 19.0, -55.0, -5.0, -1, -1, 6, 2.328
56, 79, 6, 20, 50.0, -27.0, 7.0, 18.0, 11.0, 2.0, 26.0, -5.0, 26.0, 24.0, -31.0, -10.0, -22.0, 0.0, -68.0, 19.0, 0.0, -17.0, 3.0, 15.0, 41.0, 16.0, 3.0, -15.0, 21.0, 6.0, 10.0, 16.0, 10.0, 54.0, 1, 1, 6, 2.314
56, 79, 6, 21, -14.0, 18.0, -70.0, -19.0, 4.0, -43.0, -32.0, -39.0, -19.0, -26.0, 41.0, -10.0, 6.0, -12.0, -51.0, -43.0, -9.0, -5.0, -14.0, -2.0, 2.0, 15.0, -13.0, -17.0, -30.0, 7.0, -53.0, -19.0, -11.0, 20.0, -1, -1, 3, 1.178
56, 79, 6, 22, 1.0, -51.0, -57.0, -34.0, 51.0, -0.0, -11.0, 6.0, -11.0, -66.0, -12.0, -0.0, -2.0, -3.0, -32.0, -21.0, -53.0, -14.0, 36.0, 25.0, -22.0, -18.0, 8.0, -8.0, -12.0, -10.0, -22.0, 39.0, -27.0, -70.0, -1, -1, 10, 3.906
56, 79, 6, 23, -8.0, -6.0, 4.0, -20.0, 16.0, -49.0, 21.0, -32.0, -6.0, 38.0, 17.0, 11.0, -13.0, 25.0, 17.0, -43.0, -31.0, -28.0, 2.0, -11.0, -13.0, -5.0, -26.0, -26.0, -5.0, -54.0, -41.0, -19.0, -64.0, 29.0, -1, -1, 8, 3.043
56, 79, 6, 24, -50.0, -30.0, 25.0, -13.0, -9.0, -85.0, -31.0, -24.0, -41.0, 10.0, -16.0, 4.0, -35.0, 34.0, -25.0, 18.0, 39.0, -4.0, -16.0, -27.0, -41.0, -17.0, -16.0, 3.0, -10.0, -11.0, -10.0, -47.0, 20.0, 13.0, -1, -1, 9, 3.563
56, 79, 6, 25, -28.0, 5.0, -29.0, -18.0, 39.0, 9.0, 2.0, -7.0, -53.0, -11.0, 19.0, 6.0, -55.0, 21.0, -28.0, -20.0, -2.0, -38.0, -23.0, -5.0, -20.0, -22.0, 51.0, -44.0, -22.0, -19.0, 23.0, -33.0, -59.0, -36.0, -1, -1, 9, 3.588
56, 79, 6, 26, -3.0, -0.0, 19.0, 55.0, -10.0, -5.0, 39.0, 45.0, -6.0, 72.0, 26.0, -5.0, 11.0, 35.0, 10.0, -41.0, 7.0, -2.0, 21.0, 27.0, 34.0, -5.0, 24.0, 29.0, -37.0, 15.0, 4.0, 6.0, -5.0, 38.0, 1, 1, 8, 3.222
56, 79, 6, 27, 16.0, -1.0, 9.0, 20.0, 30.0, 35.0, 6.0, 30.0, -16.0, 38.0, 77.0, 50.0, 31.0, 27.0, 2.0, -10.0, 4.0, -36.0, -17.0, 8.0, 19.0, 20.0, 51.0, -14.0, 15.0, 52.0, -6.0, 23.0, -33.0, 48.0, 1, 1, 6, 2.503
56, 79, 6, 28, 17.0, 41.0, 22.0, 6.0, 9.0, 28.0, -18.0, -54.0, 17.0, 60.0, -25.0, 20.0, -8.0, 36.0, 7.0, -11.0, -13.0, 38.0, -1.0, 57.0, 22.0, 5.0, -2.0, 7.0, 24.0, 60.0, 4.0, -40.0, -25.0, 12.0, 1, 1, 5, 2.229
56, 79, 6, 29, -32.0, 21.0, -28.0, 19.0, -8.0, 48.0, -45.0, -21.0, -35.0, -23.0, -15.0, -11.0, 29.0, -25.0, -59.0, 12.0, -18.0, -46.0, 19.0, -31.0, -45.0, 30.0, -71.0, -21.0, -57.0, -28.0, -68.0, 5.0, 2.0, 9.0, -1, -1, 14, 5.451
56, 79, 6, 30, -20.0, 3.0, 53.0, 13.0, 46.0, -33.0, 24.0, 18.0, 27.0, -26.0, 30.0, -32.0, -23.0, 28.0, 51.0, 2.0, -1.0, 14.0, 52.0, 9.0, -11.0, -0.0, -24.0, 28.0, 28.0, 21.0, 16.0, 17.0, -17.0, -2.0, 1, 1, 15, 5.968
