52, 75, 1, 1, 2.0, -11.0, -8.0, -9.0, 28.0, 21.0, 40.0, -22.0, 39.0, -7.0, 50.0, 11.0, 12.0, -17.0, 35.0, 21.0, 57.0, 24.0, 0.0, 25.0, 38.0, 32.0, 47.0, 11.0, 3.0, -18.0, 16.0, 7.0, 19.0, 13.0, 1, 1, 1, 0.548
52, 75, 1, 2, -13.0, -21.0, -22.0, 16.0, 13.0, -45.0, -15.0, -13.0, -35.0, 5.0, 12.0, -18.0, -37.0, 12.0, 35.0, -33.0, -11.0, -4.0, 10.0, 5.0, 15.0, 3.0, -16.0, 18.0, -14.0, 35.0, -3.0, -18.0, -9.0, 31.0, -1, -1, 3, 1.18
52, 75, 1, 3, 25.0, 43.0, -24.0, -6.0, -1.0, -31.0, -30.0, 68.0, -12.0, -3.0, -35.0, -1.0, 43.0, 36.0, 1.0, 15.0, 10.0, -2.0, 7.0, 53.0, -21.0, 4.0, 4.0, 25.0, 5.0, -4.0, 11.0, -33.0, -19.0, -3.0, 1, 1, 0, 0.347
52, 75, 1, 4, 24.0, -23.0, -1.0, -4.0, -53.0, 8.0, -20.0, 9.0, 1.0, -34.0, 2.0, 20.0, -26.0, -34.0, -1.0, 2.0, -37.0, -20.0, -17.0, 12.0, -20.0, -33.0, -41.0, 12.0, -28.0, -65.0, 11.0, -41.0, 1.0, 36.0, -1, 1, 0, 0.336
52, 75, 1, 5, -25.0, 45.0, 15.0, -18.0, -7.0, -10.0, -30.0, 27.0, 33.0, 14.0, 3.0, 20.0, 45.0, 8.0, -19.0, 19.0, 12.0, -3.0, 29.0, 30.0, -3.0, -17.0, 44.0, 50.0, 43.0, -15.0, 21.0, -35.0, -31.0, 7.0, 1, -1, 0, 0.362
52, 75, 1, 6, -0.0, 17.0, -1.0, -7.0, -12.0, -9.0, 15.0, -1.0, 63.0, 11.0, -9.0, 56.0, 45.0, -5.0, -11.0, -3.0, 9.0, 11.0, 36.0, 17.0, 5.0, -22.0, -37.0, -7.0, 5.0, 53.0, -10.0, -29.0, -13.0, -3.0, 1, 1, 2, 0.815
52, 75, 1, 7, -18.0, 38.0, -36.0, -8.0, -69.0, -3.0, 9.0, -3.0, -11.0, -20.0, -27.0, -6.0, -23.0, -36.0, -29.0, -56.0, 14.0, -12.0, 24.0, -18.0, -24.0, -1.0, 22.0, -32.0, -4.0, 5.0, 2.0, -30.0, 7.0, 5.0, -1, -1, 1, 0.447
52, 75, 1, 8, 15.0, 31.0, 10.0, 41.0, -20.0, 27.0, -26.0, 42.0, -7.0, 19.0, 12.0, 23.0, 21.0, 38.0, 21.0, -43.0, -37.0, -4.0, 37.0, 69.0, 8.0, 38.0, 4.0, 18.0, 39.0, -0.0, -23.0, 9.0, 42.0, 46.0, 1, 1, 0, 0.358
52, 75, 1, 9, -5.0, -3.0, 21.0, -11.0, -13.0, -18.0, 21.0, 0.0, -36.0, 12.0, -43.0, -9.0, -13.0, 11.0, -19.0, -20.0, -36.0, -24.0, -10.0, -28.0, -28.0, -13.0, 26.0, -47.0, -4.0, -11.0, -21.0, -38.0, 20.0, -33.0, -1, -1, 1, 0.446
52, 75, 1, 10, 6.0, -14.0, 40.0, 11.0, 35.0, 20.0, 17.0, -3.0, 34.0, 29.0, 24.0, 4.0, 29.0, -43.0, 7.0, -17.0, -3.0, -8.0, 49.0, 40.0, -5.0, -26.0, 40.0, 0.0, 11.0, -40.0, 17.0, -5.0, 40.0, 10.0, 1, 1, 0, 0.351
52, 75, 1, 11, -5.0, -9.0, -6.0, 36.0, 23.0, -9.0, -5.0, -31.0, -25.0, 23.0, -7.0, 6.0, -20.0, -41.0, -20.0, -7.0, -17.0, -4.0, -13.0, -34.0, 10.0, 23.0, -41.0, 2.0, -21.0, 14.0, -30.0, 29.0, -6.0, -27.0, -1, -1, 1, 0.444
52, 75, 1, 12, 8.0, 1.0, -20.0, 4.0, 22.0, -25.0, -9.0, -15.0, 16.0, 19.0, -16.0, -24.0, -23.0, -15.0, 27.0, -16.0, -14.0, -4.0, -36.0, -29.0, -14.0, 18.0, 16.0, -17.0, -61.0, -11.0, -0.0, -9.0, -7.0, -0.0, -1, 1, 1, 0.446
52, 75, 1, 13, -5.0, -5.0, 13.0, -12.0, 9.0, 30.0, 35.0, -21.0, 47.0, -24.0, 4.0, -16.0, -3.0, -5.0, 5.0, 1.0, -2.0, 30.0, -2.0, -30.0, -2.0, 9.0, -10.0, 8.0, 1.0, 34.0, -26.0, -9.0, 4.0, -0.0, 1, -1, 0, 0.324
52, 75, 1, 14, -33.0, 7.0, 32.0, -7.0, -45.0, 11.0, 55.0, 3.0, 34.0, 12.0, -13.0, 31.0, 20.0, -3.0, -8.0, -9.0, 34.0, 51.0, -4.0, 8.0, -14.0, 10.0, 23.0, 13.0, -10.0, 40.0, 1.0, -19.0, 17.0, 5.0, 1, -1, 1, 0.449
52, 75, 1, 15, -12.0, -15.0, 5.0, -4.0, 42.0, -13.0, 3.0, -12.0, -38.0, 37.0, -4.0, 14.0, 19.0, 51.0, -34.0, -1.0, -12.0, 15.0, -20.0, -11.0, -11.0, 14.0, 56.0, 12.0, 10.0, 5.0, 13.0, 14.0, -22.0, 28.0, 1, -1, 0, 0.35
52, 75, 1, 16, 29.0, 52.0, -23.0, 8.0, -23.0, 19.0, 37.0, 39.0, 3.0, 13.0, -9.0, 57.0, 1.0, -12.0, -32.0, -26.0, -4.0, 8.0, 49.0, -43.0, 38.0, 26.0, -31.0, 4.0, 20.0, 49.0, 30.0, 21.0, -27.0, 16.0, 1, 1, 1, 0.448
52, 75, 1, 17, -32.0, 13.0, -42.0, -31.0, -35.0, -27.0, -36.0, 4.0, -45.0, -56.0, 2.0, 11.0, 3.0, 6.0, 20.0, -25.0, -33.0, -8.0, -52.0, -5.0, -11.0, 10.0, 26.0, 27.0, 20.0, -40.0, 1.0, -10.0, 5.0, 16.0, -1, -1, 0, 0.367
52, 75, 1, 18, -56.0, -8.0, -29.0, -1.0, -23.0, -13.0, -24.0, 19.0, -15.0, -18.0, 24.0, -12.0, 25.0, -35.0, -37.0, 1.0, -45.0, 31.0, 3.0, -25.0, 16.0, 3.0, -49.0, 9.0, -19.0, 22.0, -29.0, -11.0, -24.0, -31.0, -1, -1, 1, 0.449
52, 75, 1, 19, 10.0, -2.0, -0.0, 45.0, 46.0, 42.0, -14.0, -1.0, -7.0, 43.0, 25.0, 2.0, 13.0, 32.0, 30.0, 26.0, 17.0, 48.0, -14.0, 18.0, 7.0, 21.0, 29.0, 29.0, 21.0, -3.0, 45.0, 9.0, 43.0, 37.0, 1, 1, 1, 0.458
52, 75, 1, 20, -28.0, 21.0, 6.0, 14.0, -19.0, 14.0, -10.0, -68.0, -61.0, -13.0, -31.0, -3.0, -15.0, -14.0, -2.0, 27.0, -42.0, 31.0, 8.0, -10.0, -35.0, 2.0, -31.0, 16.0, -5.0, -13.0, 25.0, 12.0, -35.0, -12.0, -1, -1, 0, 0.307
52, 75, 1, 21, 20.0, 38.0, -37.0, 46.0, 43.0, 46.0, 13.0, 47.0, -15.0, 38.0, -3.0, 29.0, 55.0, 24.0, 10.0, -11.0, 16.0, 15.0, 41.0, 21.0, -21.0, 30.0, -8.0, -15.0, 28.0, -26.0, -9.0, 48.0, 18.0, 32.0, 1, 1, 1, 0.467
52, 75, 1, 22, -11.0, 1.0, -10.0, -27.0, 12.0, -19.0, -59.0, 15.0, -9.0, 14.0, 20.0, -33.0, 1.0, 10.0, -2.0, -37.0, -39.0, -35.0, -33.0, 5.0, 26.0, 24.0, 21.0, 1.0, 10.0, 7.0, -8.0, 11.0, -32.0, 21.0, 1, -1, 1, 0.459
52, 75, 1, 23, 5.0, 17.0, 62.0, 68.0, 15.0, 5.0, -24.0, -3.0, 1.0, 28.0, -28.0, 22.0, -32.0, 49.0, 30.0, -1.0, 29.0, 13.0, -25.0, -22.0, 22.0, 29.0, -1.0, 12.0, 22.0, 11.0, 19.0, -50.0, -31.0, 81.0, 1, 1, 1, 0.477
52, 75, 1, 24, 17.0, -44.0, 16.0, -10.0, -37.0, 13.0, -25.0, -74.0, -8.0, 17.0, 44.0, -1.0, -4.0, 9.0, 22.0, -5.0, -3.0, 61.0, -45.0, -5.0, 37.0, -6.0, 1.0, -38.0, -15.0, -38.0, -48.0, -62.0, -49.0, 41.0, -1, -1, 1, 0.443
52, 75, 1, 25, -9.0, 35.0, 22.0, -24.0, -13.0, 20.0, -21.0, -3.0, -28.0, -14.0, 11.0, 10.0, -18.0, 9.0, -21.0, -60.0, -10.0, -35.0, -10.0, -23.0, 17.0, 16.0, 3.0, -28.0, 4.0, -26.0, -18.0, 20.0, 46.0, -58.0, -1, -1, 1, 0.442
52, 75, 1, 26, 20.0, -34.0, -53.0, 3.0, -48.0, -74.0, -25.0, -11.0, -2.0, -59.0, -3.0, 23.0, -11.0, -49.0, 41.0, 26.0, 12.0, 38.0, -35.0, -35.0, 8.0, 63.0, -4.0, -17.0, 5.0, 10.0, 19.0, -31.0, 32.0, -52.0, -1, 1, 0, 0.359
52, 75, 1, 27, 14.0, -24.0, 18.0, 43.0, -35.0, -14.0, 30.0, -31.0, 33.0, -8.0, -18.0, 0.0, 18.0, -25.0, 24.0, 34.0, 9.0, 0.0, 27.0, 8.0, 41.0, -24.0, -22.0, -5.0, 16.0, 11.0, -13.0, -39.0, -2.0, 11.0, -1, 1, 1, 0.444
52, 75, 1, 28, -44.0, -13.0, -20.0, -34.0, -23.0, -37.0, 22.0, -44.0, 13.0, 2.0, 18.0, -13.0, 26.0, 18.0, -21.0, -62.0, -20.0, -34.0, 1.0, 42.0, 36.0, -19.0, -37.0, -37.0, -6.0, -63.0, -3.0, -49.0, -8.0, -55.0, -1, -1, 1, 0.45
52, 75, 1, 29, -44.0, 10.0, -17.0, 50.0, 11.0, -15.0, 42.0, 42.0, 8.0, -51.0, 40.0, 11.0, 40.0, 19.0, 8.0, 10.0, -23.0, 3.0, 1.0, 31.0, 30.0, 2.0, -43.0, 82.0, 42.0, 27.0, 23.0, 25.0, 2.0, 10.0, 1, -1, 1, 0.443
52, 75, 1, 30, 43.0, 33.0, 4.0, 26.0, 37.0, -4.0, 34.0, 14.0, -3.0, 20.0, -4.0, 34.0, 21.0, 34.0, 13.0, 62.0, 33.0, -26.0, 1.0, -2.0, 53.0, 21.0, 45.0, 41.0, -2.0, 28.0, 35.0, -2.0, 49.0, -1.0, 1, 1, 1, 0.449
52, 75, 2, 1, -22.0, 17.0, 8.0, -61.0, 14.0, 16.0, -17.0, 18.0, 1.0, -7.0, 0.0, 15.0, -9.0, -40.0, 17.0, -28.0, 16.0, -35.0, -61.0, -29.0, 4.0, -39.0, 40.0, -34.0, -75.0, -35.0, -36.0, -65.0, -23.0, -36.0, -1, -1, 0, 0.348
52, 75, 2, 2, -15.0, 44.0, -9.0, -11.0, -4.0, 34.0, -48.0, -17.0, -6.0, -21.0, 18.0, 6.0, 26.0, -20.0, -6.0, 28.0, 84.0, 30.0, 1.0, 30.0, -8.0, 5.0, -17.0, -36.0, 11.0, 15.0, 36.0, 54.0, 25.0, 23.0, 1, -1, 1, 0.447
52, 75, 2, 3, -45.0, -34.0, -36.0, -1.0, -1.0, 21.0, -5.0, 11.0, -8.0, -42.0, -20.0, -33.0, 9.0, -11.0, 14.0, 31.0, 3.0, -25.0, -33.0, 26.0, -27.0, -65.0, 4.0, -17.0, -40.0, -4.0, -52.0, -30.0, -53.0, 20.0, -1, -1, 1, 0.443
52, 75, 2, 4, -12.0, 10.0, 19.0, 26.0, -9.0, -9.0, 20.0, 11.0, 10.0, 21.0, 57.0, 21.0, 7.0, 2.0, -38.0, 9.0, 40.0, 43.0, 9.0, -4.0, 19.0, 14.0, 3.0, 10.0, 22.0, 52.0, 36.0, 38.0, 36.0, 7.0, 1, -1, 1, 0.451
52, 75, 2, 5, 7.0, -2.0, -3.0, -11.0, 15.0, -5.0, -11.0, -16.0, 12.0, 14.0, -5.0, -23.0, -16.0, 36.0, -6.0, 34.0, 16.0, 45.0, 12.0, 16.0, -27.0, 39.0, 19.0, -10.0, -11.0, 17.0, -7.0, -6.0, 51.0, -9.0, 1, 1, 1, 0.446
52, 75, 2, 6, -13.0, -1.0, 10.0, -21.0, 30.0, 20.0, 33.0, -2.0, -29.0, -5.0, 0.0, 1.0, 61.0, -5.0, 17.0, -16.0, 37.0, 45.0, 18.0, 34.0, -5.0, 37.0, -24.0, 27.0, -28.0, -14.0, 7.0, 9.0, 3.0, 14.0, 1, -1, 1, 0.474
52, 75, 2, 7, -53.0, -5.0, 5.0, 9.0, -22.0, 9.0, 10.0, 15.0, -8.0, -18.0, -23.0, 22.0, -30.0, -35.0, -19.0, -31.0, 32.0, -3.0, -18.0, 1.0, 48.0, -9.0, -20.0, 10.0, 16.0, 1.0, 6.0, -36.0, -1.0, 12.0, -1, 1, 4, 1.569
52, 75, 2, 8, -8.0, -17.0, -22.0, -23.0, -24.0, -27.0, -1.0, 19.0, 42.0, -18.0, -19.0, 28.0, 4.0, 21.0, -31.0, -48.0, -4.0, -7.0, -7.0, -6.0, 44.0, -21.0, -5.0, 2.0, -11.0, -43.0, -36.0, 23.0, -11.0, -57.0, -1, -1, 0, 0.358
52, 75, 2, 9, -2.0, 39.0, -27.0, 20.0, -17.0, 0.0, -21.0, 2.0, 34.0, 61.0, -29.0, -53.0, -3.0, 33.0, -24.0, -30.0, -28.0, -34.0, 51.0, -47.0, -24.0, -2.0, -22.0, -28.0, -25.0, -17.0, -21.0, -56.0, -29.0, 40.0, -1, -1, 1, 0.581
52, 75, 2, 10, 57.0, -1.0, 34.0, 35.0, -34.0, -13.0, 7.0, 2.0, 16.0, -29.0, 36.0, 5.0, 30.0, -4.0, -58.0, 45.0, 31.0, 1.0, -7.0, 24.0, 17.0, -2.0, 31.0, -27.0, 58.0, -29.0, 29.0, -14.0, 21.0, 4.0, 1, 1, 1, 0.442
52, 75, 2, 11, -55.0, -20.0, 20.0, 7.0, -31.0, 16.0, 22.0, -14.0, -43.0, -17.0, 28.0, -22.0, -26.0, -3.0, -25.0, 7.0, -33.0, -59.0, -17.0, -28.0, 14.0, -31.0, 50.0, -7.0, 22.0, -21.0, -28.0, 35.0, 12.0, 31.0, -1, -1, 1, 0.439
52, 75, 2, 12, 38.0, -4.0, 43.0, -7.0, 26.0, -38.0, 35.0, 16.0, 16.0, 7.0, -6.0, -1.0, 56.0, 48.0, 8.0, 4.0, 28.0, -2.0, 10.0, 18.0, -4.0, 25.0, -17.0, 11.0, 46.0, 16.0, -16.0, 8.0, 20.0, -22.0, 1, 1, 1, 0.442
52, 75, 2, 13, -5.0, 35.0, 40.0, -10.0, -10.0, 16.0, -3.0, 44.0, 6.0, 41.0, 47.0, 2.0, 37.0, 10.0, -20.0, 12.0, -28.0, -44.0, -11.0, -8.0, 16.0, 5.0, 27.0, 0.0, 15.0, -6.0, 5.0, 29.0, 14.0, 12.0, 1, -1, 1, 0.44
52, 75, 2, 14, 35.0, 19.0, -17.0, 29.0, 30.0, 27.0, 24.0, 10.0, 7.0, 29.0, 17.0, -23.0, 0.0, 30.0, 4.0, 10.0, 28.0, 19.0, 27.0, -20.0, -13.0, 24.0, 27.0, 7.0, 7.0, 1.0, 96.0, -14.0, 15.0, -23.0, 1, 1, 0, 0.347
52, 75, 2, 15, 4.0, 16.0, 26.0, 49.0, 19.0, 12.0, -8.0, -26.0, 11.0, -6.0, 7.0, 5.0, -1.0, 2.0, -8.0, 71.0, -15.0, -1.0, -9.0, -33.0, 29.0, 3.0, 45.0, 19.0, 31.0, 47.0, 41.0, 15.0, -2.0, -9.0, 1, 1, 1, 0.592
52, 75, 2, 16, 46.0, -33.0, 24.0, 6.0, 7.0, 39.0, -2.0, 33.0, 49.0, 24.0, 44.0, 9.0, 2.0, 51.0, 49.0, 18.0, -20.0, 19.0, 9.0, 36.0, 5.0, 18.0, -25.0, -17.0, 7.0, -4.0, 17.0, 16.0, -7.0, -22.0, 1, 1, 1, 0.46
52, 75, 2, 17, -47.0, 60.0, 22.0, -3.0, -12.0, 40.0, 10.0, -2.0, 35.0, -32.0, 9.0, -39.0, 1.0, 12.0, -50.0, -1.0, -17.0, 60.0, -8.0, 5.0, -11.0, 39.0, -3.0, 27.0, -16.0, 35.0, -17.0, -9.0, 13.0, -4.0, 1, -1, 1, 0.442
52, 75, 2, 18, 31.0, 28.0, 1.0, -2.0, 51.0, 16.0, -14.0, -1.0, 54.0, 40.0, 36.0, -19.0, 50.0, 2.0, 24.0, -4.0, -3.0, 24.0, 50.0, 57.0, 4.0, -18.0, -12.0, 17.0, 13.0, -56.0, -2.0, -18.0, 8.0, 10.0, 1, 1, 0, 0.356
52, 75, 2, 19, -6.0, 41.0, -15.0, 34.0, 20.0, 12.0, 3.0, 19.0, 4.0, 13.0, 26.0, 53.0, 22.0, 48.0, -8.0, 32.0, 35.0, 32.0, 32.0, -5.0, 19.0, 8.0, 3.0, 45.0, 58.0, 11.0, 30.0, 23.0, -48.0, 11.0, 1, 1, 1, 0.447
52, 75, 2, 20, -23.0, -35.0, -3.0, -11.0, 31.0, -22.0, -17.0, 5.0, -41.0, -2.0, -32.0, -1.0, -17.0, 46.0, 3.0, -11.0, 14.0, 32.0, 5.0, -44.0, -48.0, -34.0, 9.0, -27.0, -33.0, -21.0, -16.0, -17.0, -21.0, -53.0, -1, -1, 1, 0.461
52, 75, 2, 21, -30.0, -13.0, 30.0, -12.0, -29.0, 26.0, -22.0, 27.0, 1.0, -0.0, -42.0, 35.0, 2.0, -24.0, -6.0, 13.0, 48.0, -36.0, 14.0, 15.0, 28.0, 20.0, -19.0, -37.0, 11.0, 5.0, 14.0, 27.0, 27.0, 1.0, 1, -1, 0, 0.352
52, 75, 2, 22, 10.0, 29.0, 15.0, -4.0, 42.0, 10.0, 33.0, 9.0, 13.0, 32.0, -11.0, 32.0, 4.0, 39.0, 20.0, 34.0, -0.0, -7.0, 37.0, -28.0, -35.0, 53.0, 4.0, 9.0, 63.0, 20.0, 1.0, 23.0, 7.0, 46.0, 1, 1, 1, 0.441
52, 75, 2, 23, 47.0, 21.0, -4.0, 16.0, 15.0, 19.0, -25.0, -17.0, 25.0, 44.0, 4.0, 18.0, -4.0, -8.0, 27.0, 17.0, -5.0, 18.0, 47.0, 29.0, -8.0, -18.0, -20.0, 41.0, 29.0, 18.0, 26.0, 4.0, -13.0, 41.0, 1, 1, 1, 0.442
52, 75, 2, 24, 5.0, -5.0, 4.0, 4.0, -12.0, 14.0, -1.0, -25.0, -0.0, -10.0, -5.0, 13.0, -12.0, -10.0, -27.0, -41.0, -26.0, -37.0, -26.0, -9.0, 3.0, -63.0, -19.0, -3.0, 31.0, -8.0, -29.0, -33.0, -18.0, -2.0, -1, 1, 1, 0.444
52, 75, 2, 25, -5.0, 4.0, -26.0, -4.0, -4.0, -8.0, 17.0, 44.0, 0.0, 17.0, 7.0, 11.0, 33.0, -2.0, 12.0, 3.0, 16.0, -8.0, 5.0, -10.0, -12.0, 3.0, 5.0, -5.0, 47.0, 1.0, 14.0, -10.0, 46.0, -37.0, 1, -1, 1, 0.441
52, 75, 2, 26, -17.0, 25.0, 3.0, 7.0, 4.0, 39.0, -5.0, -17.0, 8.0, -19.0, -12.0, -34.0, 26.0, 35.0, 70.0, 17.0, 25.0, -5.0, 13.0, 29.0, 48.0, -34.0, -1.0, 13.0, -24.0, -1.0, 10.0, 59.0, 4.0, -3.0, 1, -1, 1, 0.44
52, 75, 2, 27, -33.0, -22.0, -15.0, -32.0, -7.0, -17.0, -34.0, 1.0, -19.0, -14.0, 18.0, -49.0, 16.0, -9.0, 18.0, 9.0, -2.0, -8.0, -1.0, 7.0, 12.0, -36.0, -7.0, 19.0, -6.0, -23.0, -3.0, -42.0, -7.0, -56.0, -1, -1, 1, 0.453
52, 75, 2, 28, 0.0, 22.0, 4.0, 20.0, -2.0, -56.0, 2.0, 43.0, 30.0, 30.0, 2.0, 40.0, 29.0, 0.0, 29.0, 25.0, -8.0, 5.0, 12.0, -35.0, 34.0, 20.0, -7.0, -4.0, 25.0, 13.0, -10.0, -1.0, 29.0, -45.0, 1, -1, 0, 0.148
52, 75, 2, 29, -2.0, -44.0, -24.0, -9.0, -22.0, 17.0, 29.0, -7.0, -6.0, -35.0, 12.0, 38.0, -36.0, 16.0, -52.0, -16.0, -0.0, -32.0, -62.0, -37.0, -12.0, 10.0, 19.0, 18.0, 31.0, -1.0, -33.0, 17.0, -0.0, -36.0, -1, -1, 1, 0.51
52, 75, 2, 30, -9.0, -44.0, 18.0, -24.0, 22.0, -44.0, -40.0, -3.0, 18.0, -4.0, 20.0, 3.0, -59.0, 13.0, -36.0, -32.0, 16.0, -43.0, -21.0, 3.0, -17.0, 1.0, -17.0, -49.0, -58.0, 29.0, -8.0, 0.0, 17.0, 20.0, -1, -1, 1, 0.582
52, 75, 3, 1, -4.0, 20.0, -12.0, 24.0, -10.0, 2.0, -14.0, 14.0, -20.0, -65.0, 25.0, -1.0, 7.0, 56.0, -43.0, -34.0, 5.0, 8.0, -19.0, 14.0, -9.0, -34.0, -25.0, -29.0, 33.0, -5.0, -59.0, -62.0, -46.0, -7.0, -1, -1, 1, 0.441
52, 75, 3, 2, -11.0, -50.0, -11.0, -15.0, -23.0, -10.0, -1.0, 8.0, -21.0, -45.0, -3.0, -3.0, 29.0, 20.0, 22.0, -11.0, -9.0, 2.0, -12.0, -24.0, -22.0, 8.0, 35.0, -25.0, 9.0, 3.0, -19.0, -12.0, -24.0, -13.0, -1, -1, 1, 0.446
52, 75, 3, 3, -14.0, -65.0, -26.0, -40.0, -38.0, -17.0, 9.0, -9.0, -34.0, 7.0, 28.0, 13.0, 16.0, -33.0, 36.0, -2.0, -12.0, 5.0, 16.0, -14.0, -13.0, 6.0, -38.0, 30.0, 9.0, -56.0, -33.0, 30.0, -7.0, -3.0, -1, -1, 0, 0.366
52, 75, 3, 4, -7.0, 11.0, 15.0, -31.0, -6.0, -13.0, 30.0, -5.0, 13.0, 18.0, 34.0, 5.0, 23.0, 21.0, -27.0, -12.0, 2.0, -18.0, 28.0, -7.0, -14.0, -2.0, -10.0, 10.0, 4.0, 15.0, -4.0, 4.0, 33.0, -23.0, 1, -1, 1, 0.446
52, 75, 3, 5, 22.0, -50.0, 11.0, -26.0, 16.0, -44.0, -3.0, 36.0, 13.0, -17.0, 12.0, 56.0, -38.0, 25.0, -5.0, -7.0, -3.0, 15.0, 36.0, -57.0, 14.0, -57.0, -18.0, -10.0, -3.0, -47.0, 11.0, 18.0, -37.0, -18.0, -1, 1, 0, 0.342
52, 75, 3, 6, 24.0, 23.0, 23.0, 15.0, 10.0, -12.0, 15.0, -30.0, -3.0, 27.0, 29.0, 32.0, 12.0, 22.0, 28.0, -12.0, 35.0, 10.0, 56.0, 10.0, 4.0, -4.0, -32.0, -8.0, -9.0, -7.0, -17.0, 35.0, 30.0, -7.0, 1, 1, 1, 0.448
52, 75, 3, 7, 2.0, 2.0, 13.0, -59.0, 1.0, -17.0, -16.0, -11.0, -8.0, -16.0, 32.0, 30.0, 22.0, 31.0, -31.0, -14.0, -22.0, -20.0, -6.0, 8.0, 14.0, -25.0, -29.0, -3.0, -38.0, -34.0, 14.0, 10.0, -15.0, -11.0, -1, 1, 1, 0.511
52, 75, 3, 8, 46.0, -43.0, 39.0, 7.0, -24.0, -39.0, 1.0, -22.0, 24.0, 11.0, 26.0, 15.0, 28.0, -3.0, 12.0, 48.0, -7.0, 13.0, -3.0, 30.0, 20.0, -3.0, 14.0, 26.0, 4.0, 30.0, 4.0, 10.0, 1.0, 37.0, 1, 1, 1, 0.545
52, 75, 3, 9, 32.0, -3.0, 34.0, 33.0, 21.0, 4.0, -2.0, 0.0, 11.0, -15.0, -19.0, -12.0, -2.0, 37.0, 18.0, -1.0, 4.0, 19.0, -10.0, 23.0, 21.0, 8.0, 16.0, 56.0, 13.0, -20.0, 7.0, -19.0, -1.0, 14.0, 1, 1, 2, 1.07
52, 75, 3, 10, -24.0, 56.0, 6.0, -28.0, -23.0, 7.0, 53.0, 1.0, 1.0, -28.0, -7.0, -37.0, -29.0, -6.0, -37.0, 39.0, -14.0, -37.0, -8.0, -10.0, -20.0, 3.0, -21.0, 34.0, -53.0, -6.0, -24.0, -10.0, -8.0, -45.0, -1, -1, 2, 1.106
52, 75, 3, 11, 43.0, 49.0, 22.0, 2.0, 10.0, 34.0, 16.0, 5.0, 56.0, -37.0, 83.0, 15.0, 1.0, 47.0, -29.0, 29.0, 30.0, -1.0, 12.0, -27.0, -2.0, 22.0, 3.0, 29.0, 66.0, -15.0, 53.0, -12.0, -8.0, 37.0, 1, 1, 1, 0.446
52, 75, 3, 12, -2.0, 28.0, -10.0, 17.0, 21.0, 26.0, 17.0, 25.0, -3.0, 22.0, 11.0, -25.0, -24.0, 5.0, 19.0, 33.0, 20.0, 16.0, -8.0, -5.0, -20.0, 23.0, -20.0, 32.0, 19.0, -35.0, 27.0, -27.0, -36.0, 9.0, 1, 1, 3, 1.428
52, 75, 3, 13, 21.0, 28.0, 28.0, 13.0, -25.0, 19.0, -8.0, 35.0, 18.0, 22.0, -9.0, -6.0, 13.0, -9.0, 6.0, 17.0, 0.0, 95.0, 10.0, -12.0, -4.0, -13.0, 7.0, 9.0, -19.0, 73.0, 52.0, 20.0, 8.0, 4.0, 1, 1, 1, 0.496
52, 75, 3, 14, 0.0, -4.0, -11.0, -12.0, 29.0, -31.0, -8.0, -7.0, 20.0, 22.0, -33.0, 32.0, 56.0, 22.0, 11.0, 3.0, 56.0, -17.0, -32.0, -21.0, -27.0, -13.0, 24.0, -35.0, 25.0, -1.0, 2.0, -3.0, 42.0, 58.0, 1, -1, 2, 0.874
52, 75, 3, 15, -14.0, -25.0, -7.0, -21.0, -6.0, 27.0, -4.0, 37.0, 17.0, 47.0, 37.0, -35.0, 4.0, 2.0, 39.0, 2.0, -10.0, 26.0, -3.0, 27.0, 24.0, 12.0, 18.0, 30.0, -10.0, 6.0, 19.0, 8.0, -18.0, 25.0, 1, -1, 1, 0.45
52, 75, 3, 16, -5.0, -42.0, -42.0, -14.0, -32.0, -24.0, -16.0, -5.0, 8.0, -20.0, -60.0, 7.0, -54.0, -26.0, 13.0, -32.0, -7.0, -44.0, 10.0, 18.0, -7.0, -12.0, 14.0, -63.0, -47.0, -2.0, -9.0, -29.0, 2.0, -21.0, -1, -1, 2, 0.869
52, 75, 3, 17, -12.0, -30.0, 21.0, 15.0, 31.0, -16.0, -46.0, 34.0, -26.0, 10.0, 31.0, 26.0, 34.0, 13.0, 19.0, -23.0, -5.0, 47.0, -33.0, 8.0, -4.0, -10.0, 42.0, 25.0, 31.0, 7.0, 26.0, 59.0, 8.0, -7.0, 1, -1, 1, 0.454
52, 75, 3, 18, -44.0, -21.0, -17.0, -45.0, -17.0, -24.0, -25.0, 18.0, 25.0, -5.0, -51.0, -22.0, 15.0, -18.0, -53.0, 16.0, -37.0, -29.0, -60.0, -12.0, -7.0, -10.0, 1.0, -29.0, -20.0, 31.0, -29.0, -12.0, 6.0, 2.0, -1, -1, 1, 0.46
52, 75, 3, 19, -11.0, -13.0, 47.0, 43.0, 35.0, 12.0, 47.0, 53.0, -4.0, -26.0, 14.0, -24.0, -31.0, 43.0, -15.0, 2.0, 22.0, 24.0, 3.0, 24.0, 2.0, 21.0, 11.0, -9.0, -24.0, 2.0, 9.0, -5.0, 46.0, -61.0, 1, -1, 1, 0.625
52, 75, 3, 20, -22.0, -3.0, 24.0, 6.0, -7.0, 17.0, -28.0, -7.0, -33.0, 7.0, -31.0, 22.0, -1.0, -12.0, -38.0, -43.0, -30.0, -43.0, -25.0, -12.0, 5.0, -26.0, -65.0, -40.0, -3.0, -38.0, -61.0, -9.0, 13.0, -34.0, -1, -1, 1, 0.442
52, 75, 3, 21, 22.0, -37.0, -4.0, -20.0, 24.0, -12.0, -49.0, -13.0, 4.0, 35.0, -37.0, -17.0, -14.0, -14.0, -22.0, 29.0, 22.0, -37.0, -31.0, 0.0, -16.0, -56.0, -10.0, 18.0, -13.0, -9.0, -23.0, -30.0, -5.0, -77.0, -1, 1, 1, 0.445
52, 75, 3, 22, -2.0, -25.0, -20.0, -12.0, 4.0, 6.0, -6.0, 10.0, 19.0, -5.0, -24.0, 16.0, 11.0, -22.0, -10.0, -55.0, -20.0, -23.0, 38.0, -11.0, 8.0, 14.0, -10.0, 14.0, -3.0, 14.0, 19.0, -13.0, 5.0, 2.0, -1, -1, 1, 0.511
52, 75, 3, 23, 30.0, -33.0, 1.0, -28.0, 21.0, 13.0, 60.0, -25.0, -25.0, -11.0, -1.0, 26.0, -15.0, 7.0, 6.0, 18.0, 19.0, -0.0, 22.0, -23.0, 19.0, -6.0, 3.0, 5.0, 21.0, 12.0, -11.0, -5.0, 1.0, -49.0, 1, 1, 1, 0.474
52, 75, 3, 24, 5.0, -9.0, 42.0, 14.0, 26.0, -3.0, 16.0, -17.0, 46.0, 18.0, -4.0, -53.0, 2.0, 25.0, 6.0, 4.0, 2.0, 42.0, 27.0, 28.0, -6.0, -40.0, -18.0, 14.0, 19.0, -24.0, -3.0, 22.0, 4.0, 24.0, 1, 1, 1, 0.472
52, 75, 3, 25, -14.0, 48.0, 18.0, 10.0, -29.0, -16.0, 22.0, 11.0, 70.0, -4.0, 6.0, 12.0, 39.0, -2.0, 36.0, 2.0, 8.0, -21.0, 2.0, 4.0, 65.0, -6.0, 9.0, 31.0, 26.0, 7.0, -51.0, -22.0, 16.0, -0.0, 1, -1, 1, 0.441
52, 75, 3, 26, -18.0, -25.0, -6.0, -12.0, 12.0, -9.0, 54.0, -3.0, -86.0, -29.0, -12.0, 13.0, -18.0, -43.0, 2.0, -32.0, 17.0, 10.0, -20.0, -5.0, 14.0, -10.0, -39.0, -23.0, -47.0, -15.0, 5.0, -19.0, 40.0, -5.0, -1, -1, 1, 0.465
52, 75, 3, 27, 14.0, 22.0, 21.0, 36.0, -12.0, -13.0, 27.0, -10.0, 23.0, 22.0, 48.0, -40.0, 35.0, 28.0, 13.0, 56.0, 27.0, -2.0, 22.0, -5.0, 8.0, -8.0, -2.0, 29.0, 23.0, 9.0, 20.0, 21.0, 11.0, 24.0, 1, 1, 2, 0.808
52, 75, 3, 28, -9.0, -3.0, -32.0, 14.0, 1.0, 10.0, 42.0, 28.0, 0.0, 21.0, 19.0, 37.0, 15.0, -45.0, 29.0, -40.0, -4.0, -3.0, -15.0, 22.0, 27.0, 8.0, 1.0, 29.0, -18.0, 4.0, 34.0, -20.0, -47.0, 9.0, 1, -1, 1, 0.471
52, 75, 3, 29, -8.0, -49.0, -10.0, -16.0, -3.0, -10.0, 14.0, -30.0, 1.0, 0.0, -15.0, -19.0, -6.0, -25.0, -22.0, -6.0, -24.0, -17.0, -2.0, -15.0, 26.0, -43.0, -54.0, -35.0, -17.0, -33.0, 36.0, -31.0, 23.0, -2.0, -1, -1, 1, 0.47
52, 75, 3, 30, 25.0, 17.0, -21.0, 2.0, 14.0, -20.0, -18.0, 25.0, 15.0, -9.0, -11.0, 12.0, 12.0, -6.0, 44.0, 14.0, 41.0, -18.0, 27.0, 24.0, 61.0, 22.0, 35.0, 24.0, 3.0, 7.0, -35.0, 3.0, 27.0, -29.0, 1, 1, 2, 0.907
52, 75, 4, 1, 7.0, 11.0, -37.0, 24.0, 8.0, -3.0, -0.0, 13.0, -34.0, -14.0, -24.0, -51.0, 28.0, -50.0, -14.0, 5.0, -40.0, -74.0, -5.0, -24.0, -4.0, -49.0, 6.0, 8.0, -53.0, 9.0, -18.0, -3.0, -16.0, -24.0, -1, 1, 0, 0.351
52, 75, 4, 2, 22.0, 9.0, 56.0, 30.0, -8.0, -20.0, 38.0, -35.0, -29.0, 73.0, 4.0, 43.0, 4.0, 54.0, -26.0, 22.0, -18.0, 16.0, -27.0, -12.0, -4.0, 29.0, 22.0, -28.0, 26.0, 40.0, 17.0, -0.0, 30.0, 53.0, 1, 1, 1, 0.445
52, 75, 4, 3, -27.0, -22.0, -11.0, -40.0, 3.0, -28.0, 4.0, -14.0, 14.0, -27.0, 48.0, 15.0, -35.0, -12.0, -51.0, -22.0, -20.0, 15.0, 9.0, -31.0, -32.0, -28.0, 16.0, -4.0, -41.0, -4.0, 4.0, -12.0, -16.0, -33.0, -1, -1, 1, 0.444
52, 75, 4, 4, 38.0, -16.0, -1.0, 13.0, 7.0, 17.0, -32.0, 17.0, -28.0, -25.0, 39.0, 52.0, 26.0, -49.0, -10.0, 33.0, -22.0, 15.0, -0.0, -23.0, 55.0, 16.0, 5.0, 80.0, 17.0, 29.0, -1.0, 35.0, -12.0, 9.0, 1, 1, 0, 0.322
52, 75, 4, 5, 18.0, 6.0, -1.0, 19.0, -22.0, 4.0, 73.0, 9.0, 39.0, 12.0, 24.0, -27.0, 5.0, 27.0, 4.0, -31.0, 36.0, 1.0, 7.0, 25.0, 41.0, 20.0, -21.0, 15.0, -10.0, 8.0, 21.0, 23.0, 25.0, 28.0, 1, 1, 1, 0.448
52, 75, 4, 6, -68.0, -6.0, -40.0, -20.0, 32.0, 32.0, -15.0, -31.0, -25.0, 40.0, -9.0, -8.0, 33.0, -33.0, -19.0, -12.0, -26.0, 6.0, -12.0, 9.0, 16.0, -33.0, -54.0, 27.0, -12.0, -8.0, -37.0, -5.0, -41.0, -16.0, -1, -1, 0, 0.323
52, 75, 4, 7, -18.0, 1.0, 36.0, -3.0, 35.0, -5.0, 24.0, 23.0, 26.0, 35.0, -22.0, -8.0, 34.0, 27.0, 30.0, 22.0, 18.0, 32.0, 29.0, -19.0, -42.0, 26.0, -26.0, 24.0, -17.0, -5.0, 34.0, 28.0, -11.0, 15.0, 1, -1, 0, 0.326
52, 75, 4, 8, 24.0, 49.0, 15.0, -11.0, 43.0, 11.0, 16.0, 31.0, -3.0, 42.0, 38.0, -5.0, 20.0, 44.0, 16.0, -8.0, 60.0, -11.0, 56.0, -15.0, 22.0, 24.0, 19.0, -9.0, -11.0, 10.0, 70.0, 0.0, 44.0, -40.0, 1, 1, 0, 0.335
52, 75, 4, 9, -11.0, 36.0, 30.0, 7.0, -49.0, -25.0, 19.0, -16.0, -7.0, 19.0, -3.0, -7.0, -54.0, -16.0, 41.0, -16.0, 17.0, -20.0, -7.0, 29.0, 5.0, 18.0, -7.0, -3.0, 21.0, -26.0, -40.0, -17.0, 22.0, -61.0, -1, -1, 0, 0.351
52, 75, 4, 10, 5.0, -17.0, -24.0, 4.0, 17.0, -5.0, 6.0, -16.0, -8.0, 14.0, 7.0, 1.0, -5.0, -28.0, -14.0, 13.0, 11.0, -20.0, -25.0, -19.0, -40.0, -1.0, -20.0, -22.0, -33.0, 16.0, 6.0, -7.0, 5.0, -5.0, -1, 1, 0, 0.317
52, 75, 4, 11, -19.0, 23.0, -12.0, -34.0, 6.0, -18.0, -33.0, -53.0, 19.0, -3.0, -7.0, -42.0, -42.0, 34.0, 2.0, 26.0, -14.0, 2.0, -9.0, 5.0, 15.0, -33.0, -16.0, 16.0, 47.0, 2.0, 16.0, -26.0, 9.0, -35.0, -1, -1, 0, 0.317
52, 75, 4, 12, 23.0, 18.0, -11.0, 26.0, 12.0, -5.0, -15.0, -10.0, 15.0, 23.0, 53.0, 23.0, -5.0, 43.0, 36.0, 26.0, 15.0, -21.0, -32.0, -44.0, -2.0, 42.0, 20.0, 3.0, 11.0, -29.0, -9.0, -8.0, 21.0, 47.0, 1, 1, 1, 0.441
52, 75, 4, 13, -5.0, -31.0, -11.0, -10.0, 14.0, 6.0, 8.0, -48.0, 37.0, 21.0, -5.0, -3.0, -29.0, 36.0, -8.0, -11.0, -0.0, 8.0, -22.0, -35.0, -21.0, -5.0, -45.0, -37.0, 43.0, -50.0, 8.0, -40.0, -57.0, 21.0, -1, -1, 1, 0.444
52, 75, 4, 14, 29.0, 12.0, 27.0, -7.0, -2.0, 20.0, 26.0, 13.0, -1.0, 21.0, 43.0, 41.0, 48.0, 32.0, -5.0, 26.0, 13.0, -8.0, 36.0, 74.0, 33.0, -4.0, -37.0, 41.0, 6.0, 35.0, 14.0, 10.0, 38.0, 12.0, 1, 1, 1, 0.44
52, 75, 4, 15, 35.0, 18.0, 16.0, -39.0, -11.0, -30.0, 17.0, -25.0, 25.0, 12.0, -29.0, -34.0, -16.0, 27.0, -44.0, -18.0, -18.0, -31.0, -23.0, -1.0, -23.0, -29.0, 25.0, 37.0, -23.0, -28.0, -76.0, -18.0, -29.0, -23.0, -1, 1, 1, 0.444
52, 75, 4, 16, -30.0, 4.0, -11.0, -30.0, -9.0, -12.0, 22.0, -54.0, 33.0, -38.0, -31.0, -25.0, -30.0, -8.0, 34.0, 8.0, 13.0, -31.0, -0.0, -26.0, 2.0, 27.0, -37.0, -33.0, -9.0, -45.0, -19.0, -27.0, -10.0, 22.0, -1, -1, 0, 0.359
52, 75, 4, 17, 3.0, 11.0, 52.0, 11.0, 16.0, 10.0, -20.0, 29.0, 61.0, 45.0, -16.0, -19.0, 35.0, 22.0, 23.0, 9.0, -16.0, -12.0, 14.0, -23.0, 22.0, -25.0, 26.0, -1.0, -4.0, -2.0, 31.0, 22.0, -30.0, 7.0, 1, 1, 1, 0.443
52, 75, 4, 18, 10.0, 61.0, 46.0, -38.0, -20.0, -3.0, 5.0, -6.0, -24.0, 22.0, 21.0, 12.0, -6.0, -2.0, 30.0, -11.0, 2.0, -11.0, 35.0, 68.0, 19.0, 28.0, 31.0, 32.0, -11.0, -6.0, 13.0, 7.0, 31.0, -17.0, 1, 1, 0, 0.348
52, 75, 4, 19, 10.0, 25.0, 3.0, 3.0, 36.0, -24.0, 10.0, -4.0, -50.0, 19.0, -21.0, 11.0, -12.0, 6.0, 2.0, 1.0, -4.0, 4.0, 49.0, -0.0, -7.0, 13.0, 17.0, 36.0, -14.0, 2.0, -23.0, 29.0, 28.0, -20.0, 1, 1, 1, 0.567
52, 75, 4, 20, 20.0, -13.0, -18.0, -17.0, -38.0, -26.0, 1.0, -25.0, -7.0, 45.0, -56.0, -11.0, 17.0, -7.0, -23.0, 28.0, -20.0, 13.0, -28.0, 6.0, -19.0, -18.0, 14.0, 6.0, -29.0, -5.0, -9.0, -13.0, -24.0, -36.0, -1, 1, 0, 0.357
52, 75, 4, 21, 31.0, 7.0, 9.0, 9.0, 28.0, -4.0, 72.0, 38.0, 34.0, -3.0, -15.0, 34.0, -57.0, 44.0, -4.0, 36.0, 27.0, -7.0, -10.0, 28.0, 26.0, 44.0, 17.0, 45.0, -4.0, 21.0, -3.0, 50.0, -33.0, 8.0, 1, 1, 1, 0.441
52, 75, 4, 22, 44.0, -2.0, 40.0, 21.0, -19.0, 15.0, 22.0, 49.0, 9.0, 22.0, 50.0, 1.0, 3.0, -14.0, 11.0, 28.0, 38.0, -35.0, 43.0, 51.0, -11.0, 10.0, 12.0, 61.0, -40.0, -5.0, 18.0, 25.0, -19.0, -27.0, 1, 1, 1, 0.45
52, 75, 4, 23, -9.0, 6.0, 28.0, -10.0, 41.0, 23.0, 15.0, 33.0, -10.0, -10.0, 19.0, 15.0, 18.0, 20.0, 9.0, 11.0, 18.0, 21.0, 38.0, 10.0, 39.0, -5.0, 68.0, 5.0, -3.0, 30.0, 21.0, 20.0, -7.0, -56.0, 1, 1, 1, 0.442
52, 75, 4, 24, 12.0, 23.0, 9.0, -9.0, 23.0, -11.0, -18.0, -0.0, -5.0, 0.0, -15.0, 16.0, 6.0, 12.0, -26.0, 16.0, 30.0, 54.0, 3.0, 14.0, 10.0, 51.0, -27.0, 25.0, 19.0, 24.0, 18.0, 45.0, -6.0, -1.0, 1, 1, 2, 0.935
52, 75, 4, 25, -47.0, -32.0, 18.0, -5.0, 66.0, 16.0, 17.0, 12.0, 7.0, -52.0, -41.0, -55.0, -6.0, -25.0, -52.0, -25.0, -27.0, -29.0, -8.0, -40.0, 8.0, -12.0, -59.0, -20.0, 5.0, 25.0, -52.0, -34.0, 3.0, -56.0, -1, -1, 0, 0.371
52, 75, 4, 26, -13.0, 16.0, 11.0, -27.0, 26.0, -61.0, 3.0, -11.0, 11.0, -16.0, -10.0, 21.0, -26.0, 9.0, 8.0, -32.0, 6.0, 32.0, 8.0, -3.0, 16.0, 31.0, -25.0, 10.0, -13.0, 28.0, 27.0, 9.0, 2.0, 16.0, 1, -1, 1, 0.446
52, 75, 4, 27, 25.0, 63.0, -14.0, 37.0, -3.0, -0.0, 7.0, 39.0, 31.0, 13.0, 64.0, 15.0, -29.0, 46.0, -14.0, 14.0, 6.0, 19.0, 7.0, -18.0, 36.0, 12.0, -39.0, 50.0, 9.0, 8.0, 9.0, 4.0, 26.0, 8.0, 1, 1, 2, 0.926
52, 75, 4, 28, -37.0, -24.0, -38.0, -12.0, 50.0, 1.0, -53.0, -16.0, 11.0, -1.0, -35.0, 31.0, 45.0, -40.0, -45.0, -39.0, -37.0, 5.0, -58.0, -19.0, 27.0, -25.0, 13.0, -5.0, -46.0, -11.0, 16.0, 27.0, 29.0, -16.0, -1, -1, 1, 0.448
52, 75, 4, 29, 1.0, -10.0, 12.0, -86.0, 55.0, 25.0, 25.0, 6.0, -13.0, 10.0, 23.0, -38.0, 13.0, -32.0, -34.0, 60.0, -52.0, -31.0, -10.0, 2.0, 36.0, 7.0, 12.0, 11.0, -28.0, -72.0, -42.0, -1.0, 19.0, -3.0, -1, 1, 1, 0.562
52, 75, 4, 30, -11.0, 36.0, 51.0, -31.0, 34.0, -20.0, 20.0, 20.0, 10.0, -17.0, 8.0, -5.0, -7.0, 30.0, -33.0, 32.0, 11.0, 62.0, 48.0, 45.0, 20.0, -2.0, -34.0, 23.0, 17.0, 43.0, -21.0, 17.0, 2.0, -26.0, 1, -1, 1, 0.447
52, 75, 5, 1, -19.0, 38.0, 10.0, 60.0, 3.0, 29.0, -1.0, 25.0, -5.0, -20.0, 3.0, 48.0, 2.0, 59.0, 53.0, -10.0, 32.0, 32.0, 8.0, -8.0, 12.0, 34.0, -9.0, -30.0, 1.0, 11.0, 20.0, 40.0, -2.0, 38.0, 1, -1, 1, 0.447
52, 75, 5, 2, -16.0, 27.0, 39.0, 3.0, 1.0, 28.0, -23.0, -34.0, 30.0, 14.0, -9.0, 2.0, -5.0, 65.0, 14.0, 34.0, 2.0, 53.0, 24.0, -1.0, 35.0, 3.0, 11.0, -11.0, 71.0, 8.0, 6.0, 9.0, -10.0, 26.0, 1, -1, 1, 0.441
52, 75, 5, 3, -22.0, 49.0, 36.0, -12.0, -2.0, -8.0, 29.0, 10.0, -6.0, -22.0, 5.0, -31.0, 22.0, -38.0, 18.0, 19.0, 25.0, 34.0, -4.0, 29.0, -17.0, -17.0, -5.0, -14.0, -20.0, 24.0, 29.0, -38.0, 40.0, -27.0, 1, -1, 1, 0.552
52, 75, 5, 4, 42.0, 44.0, 27.0, 32.0, 17.0, 17.0, 38.0, 38.0, -9.0, 3.0, 2.0, 32.0, -30.0, 41.0, -13.0, -20.0, 4.0, 25.0, -5.0, 23.0, -39.0, 17.0, 11.0, 28.0, 10.0, 59.0, 24.0, 32.0, -26.0, 1.0, 1, 1, 0, 0.369
52, 75, 5, 5, 57.0, 4.0, -8.0, 16.0, 24.0, 37.0, -1.0, 19.0, -65.0, -12.0, -26.0, -20.0, 4.0, 20.0, 16.0, 20.0, 34.0, -23.0, 10.0, 10.0, 12.0, 39.0, 2.0, -3.0, 6.0, 19.0, 40.0, 34.0, -22.0, 22.0, 1, 1, 0, 0.364
52, 75, 5, 6, 46.0, 11.0, -6.0, 21.0, 25.0, 30.0, 34.0, 50.0, -8.0, 3.0, 21.0, 18.0, 19.0, 2.0, -25.0, -5.0, 1.0, -22.0, 5.0, -15.0, -14.0, -6.0, -2.0, -25.0, 47.0, 6.0, 7.0, 17.0, 22.0, -4.0, 1, 1, 0, 0.32
52, 75, 5, 7, 30.0, -47.0, 8.0, -11.0, -40.0, -6.0, -1.0, -40.0, -3.0, -43.0, -17.0, 9.0, -10.0, -29.0, -12.0, -19.0, 20.0, -28.0, -23.0, 12.0, -25.0, -51.0, 1.0, -20.0, -30.0, 8.0, 5.0, 5.0, 16.0, -51.0, -1, 1, 0, 0.347
52, 75, 5, 8, -5.0, -55.0, -37.0, -0.0, -15.0, 16.0, -9.0, -33.0, -16.0, -10.0, 13.0, -3.0, -32.0, -24.0, -37.0, 7.0, -3.0, -20.0, 9.0, -2.0, -78.0, -52.0, -32.0, -29.0, 27.0, 15.0, -74.0, 10.0, 9.0, -15.0, -1, -1, 0, 0.339
52, 75, 5, 9, 27.0, 6.0, -10.0, 25.0, 3.0, -4.0, 8.0, -41.0, -12.0, 6.0, 4.0, -10.0, 14.0, 39.0, 30.0, -21.0, 67.0, 31.0, 25.0, -5.0, 26.0, 31.0, -30.0, 44.0, -24.0, -17.0, 58.0, -8.0, 13.0, 35.0, 1, 1, 1, 0.501
52, 75, 5, 10, -2.0, 9.0, -37.0, 40.0, 19.0, -62.0, -9.0, -32.0, -29.0, -20.0, -1.0, 5.0, -20.0, -30.0, -40.0, -60.0, 26.0, -25.0, -36.0, -12.0, -25.0, -28.0, -26.0, 41.0, -15.0, -7.0, -19.0, 3.0, 3.0, -16.0, -1, -1, 1, 0.464
52, 75, 5, 11, 31.0, 32.0, -54.0, -4.0, 11.0, -11.0, 6.0, -27.0, 14.0, 18.0, 26.0, 1.0, 6.0, -21.0, 67.0, 32.0, 23.0, -4.0, -12.0, 11.0, 54.0, -3.0, -7.0, 32.0, 12.0, -5.0, 47.0, 7.0, -11.0, -6.0, 1, 1, 0, 0.338
52, 75, 5, 12, -70.0, -31.0, -49.0, -0.0, -14.0, -55.0, -2.0, 25.0, -5.0, -41.0, -6.0, -28.0, -11.0, 16.0, -21.0, -16.0, -7.0, 20.0, -27.0, -30.0, 13.0, -10.0, 9.0, -48.0, -25.0, 8.0, -60.0, -41.0, 20.0, -20.0, -1, -1, 0, 0.345
52, 75, 5, 13, -35.0, -1.0, 30.0, 28.0, -39.0, 5.0, -4.0, -56.0, 39.0, -11.0, -20.0, -67.0, -39.0, 5.0, -14.0, -7.0, -9.0, -14.0, -3.0, -13.0, 15.0, 3.0, 15.0, -8.0, -1.0, 11.0, -2.0, -30.0, 35.0, -55.0, -1, -1, 1, 0.446
52, 75, 5, 14, 33.0, 8.0, 32.0, 15.0, 9.0, 23.0, -10.0, 28.0, 31.0, 14.0, 22.0, 17.0, -24.0, -19.0, 52.0, -17.0, -44.0, -17.0, -15.0, -4.0, 41.0, -15.0, 1.0, 15.0, -12.0, 37.0, 20.0, 43.0, 24.0, 17.0, 1, 1, 1, 0.461
52, 75, 5, 15, -6.0, 7.0, 2.0, -40.0, 3.0, -45.0, 23.0, 29.0, 24.0, 4.0, -0.0, 27.0, -29.0, 8.0, -51.0, 26.0, -19.0, 7.0, 18.0, -19.0, -43.0, -7.0, -24.0, 28.0, -2.0, -6.0, -10.0, -41.0, 6.0, -23.0, -1, -1, 1, 0.44
52, 75, 5, 16, 12.0, 7.0, -3.0, 16.0, 38.0, -4.0, -14.0, -18.0, -15.0, 9.0, 45.0, 60.0, 20.0, 31.0, -26.0, 29.0, -8.0, -22.0, 15.0, -29.0, -23.0, 22.0, -56.0, 38.0, -11.0, 34.0, 5.0, 12.0, -13.0, 24.0, 1, 1, 0, 0.367
52, 75, 5, 17, 21.0, 32.0, 26.0, 3.0, 18.0, -12.0, -25.0, 9.0, 24.0, 20.0, 40.0, 14.0, -12.0, 16.0, 2.0, 29.0, -24.0, 27.0, -37.0, 14.0, 61.0, 28.0, 16.0, -9.0, 3.0, -8.0, 69.0, 7.0, 32.0, -14.0, 1, 1, 0, 0.352
52, 75, 5, 18, -36.0, 16.0, -48.0, -71.0, 18.0, 16.0, -31.0, -12.0, -3.0, -35.0, 7.0, 24.0, -28.0, -32.0, 17.0, -56.0, -22.0, 13.0, -3.0, -69.0, 0.0, 10.0, 20.0, -27.0, -21.0, -11.0, -2.0, 5.0, -22.0, -17.0, -1, -1, 0, 0.364
52, 75, 5, 19, 3.0, 17.0, -21.0, -33.0, -36.0, -2.0, 16.0, -9.0, 3.0, -22.0, 18.0, -4.0, -27.0, 23.0, -19.0, -28.0, 6.0, -60.0, -39.0, 20.0, -6.0, 2.0, -26.0, 36.0, -44.0, -8.0, -46.0, 24.0, 1.0, -19.0, -1, 1, 0, 0.347
52, 75, 5, 20, 21.0, 7.0, 2.0, -34.0, -33.0, 17.0, -18.0, -28.0, -19.0, -1.0, -32.0, -1.0, -25.0, -4.0, -28.0, 21.0, 20.0, -49.0, -34.0, -7.0, -31.0, 27.0, -58.0, -19.0, -34.0, -3.0, -42.0, 0.0, -14.0, -4.0, -1, 1, 1, 0.447
52, 75, 5, 21, -6.0, -58.0, -16.0, -13.0, -27.0, 15.0, -5.0, -20.0, 16.0, 38.0, 20.0, -13.0, -25.0, -14.0, -9.0, -13.0, -20.0, 27.0, -22.0, -31.0, -26.0, -21.0, 4.0, 13.0, 1.0, -43.0, -11.0, 2.0, 10.0, -31.0, -1, -1, 1, 0.441
52, 75, 5, 22, 5.0, 5.0, -38.0, -44.0, 17.0, -23.0, 29.0, 7.0, -7.0, -25.0, 16.0, 9.0, 14.0, -16.0, -21.0, 33.0, 25.0, -8.0, 39.0, 43.0, 34.0, -8.0, 22.0, -4.0, 29.0, 47.0, 59.0, 25.0, -4.0, -12.0, 1, 1, 0, 0.342
52, 75, 5, 23, 3.0, 23.0, 68.0, -4.0, 29.0, -12.0, 15.0, 44.0, 26.0, 40.0, 49.0, -9.0, 13.0, 31.0, -19.0, -39.0, 53.0, 18.0, -12.0, 26.0, 51.0, 13.0, -17.0, 0.0, -30.0, 30.0, -5.0, -6.0, 3.0, 10.0, 1, 1, 0, 0.344
52, 75, 5, 24, -5.0, 23.0, -30.0, -32.0, -23.0, 5.0, 9.0, -10.0, 11.0, -2.0, -42.0, -36.0, -3.0, -38.0, -38.0, -2.0, 3.0, -10.0, -9.0, 12.0, 10.0, 0.0, 54.0, 3.0, -35.0, 13.0, -17.0, 24.0, -5.0, 13.0, -1, -1, 0, 0.347
52, 75, 5, 25, 15.0, -12.0, 9.0, 3.0, 21.0, 19.0, 23.0, -7.0, -17.0, 14.0, -28.0, -3.0, -11.0, 31.0, -15.0, 3.0, 37.0, -21.0, 33.0, 20.0, 61.0, -16.0, 15.0, -12.0, 18.0, 7.0, -28.0, 59.0, 32.0, 24.0, 1, 1, 1, 0.447
52, 75, 5, 26, 13.0, 7.0, 38.0, 32.0, -5.0, -20.0, -4.0, -24.0, 22.0, -13.0, -3.0, 43.0, 1.0, 13.0, 11.0, 43.0, -3.0, -43.0, 55.0, 13.0, 33.0, -2.0, 51.0, -20.0, 9.0, -18.0, 9.0, 83.0, -23.0, -18.0, 1, 1, 1, 0.436
52, 75, 5, 27, 61.0, -30.0, 5.0, -36.0, -21.0, -30.0, -33.0, -3.0, -0.0, -1.0, -6.0, -20.0, -30.0, 5.0, -26.0, 52.0, 13.0, -64.0, 9.0, -26.0, -35.0, -34.0, -36.0, -50.0, -16.0, 4.0, 15.0, -36.0, -42.0, -27.0, -1, 1, 1, 0.442
52, 75, 5, 28, 9.0, -30.0, -11.0, -31.0, -30.0, -39.0, -17.0, 1.0, -31.0, -14.0, -26.0, -33.0, 55.0, -17.0, 16.0, -22.0, -2.0, -25.0, -13.0, -48.0, 37.0, -8.0, 11.0, 29.0, -1.0, 9.0, -34.0, 22.0, -36.0, -39.0, -1, 1, 1, 0.447
52, 75, 5, 29, -53.0, 11.0, -1.0, -70.0, -32.0, -20.0, -36.0, 16.0, -5.0, -19.0, -20.0, -44.0, -9.0, -30.0, -37.0, -14.0, -34.0, -23.0, 7.0, 10.0, -16.0, -3.0, 25.0, 8.0, 25.0, -28.0, -15.0, -19.0, 20.0, -22.0, -1, -1, 1, 0.441
52, 75, 5, 30, -24.0, -44.0, -21.0, -18.0, 40.0, -6.0, 0.0, -56.0, 18.0, -5.0, -22.0, -49.0, 52.0, -57.0, -23.0, 18.0, -31.0, -20.0, -12.0, -48.0, -23.0, -53.0, -36.0, 11.0, -30.0, -20.0, 42.0, -35.0, 37.0, -21.0, -1, -1, 0, 0.327
52, 75, 6, 1, -26.0, -19.0, -31.0, 43.0, 23.0, 17.0, 12.0, -31.0, -3.0, 16.0, 55.0, 24.0, -4.0, 15.0, 17.0, 2.0, -25.0, 29.0, 42.0, 17.0, -4.0, 28.0, 4.0, 32.0, 39.0, 6.0, 17.0, -9.0, 11.0, -2.0, 1, -1, 1, 0.443
52, 75, 6, 2, -22.0, 55.0, -3.0, -23.0, -21.0, -16.0, -13.0, 38.0, 10.0, -24.0, 26.0, 30.0, 15.0, 8.0, 52.0, 12.0, 17.0, 23.0, -14.0, -3.0, -0.0, 16.0, 8.0, -8.0, -11.0, 10.0, 21.0, 1.0, 15.0, -23.0, 1, -1, 0, 0.331
52, 75, 6, 3, 16.0, 42.0, -12.0, 26.0, 12.0, 12.0, 1.0, 8.0, -6.0, 23.0, 20.0, 37.0, 6.0, -28.0, 24.0, 16.0, -2.0, -15.0, 16.0, -7.0, -10.0, 5.0, 41.0, 8.0, 14.0, 14.0, 69.0, -5.0, 17.0, -2.0, 1, 1, 2, 0.998
52, 75, 6, 4, 28.0, 32.0, -17.0, 21.0, -4.0, -2.0, 8.0, 7.0, -8.0, 26.0, 9.0, 49.0, 8.0, 10.0, -8.0, 24.0, 6.0, 31.0, -4.0, -34.0, 5.0, 54.0, 26.0, -4.0, 15.0, 5.0, 46.0, 33.0, -1.0, -6.0, 1, 1, 0, 0.354
52, 75, 6, 5, -22.0, 46.0, -27.0, -20.0, 35.0, -30.0, -30.0, -18.0, -22.0, -8.0, -38.0, 53.0, 1.0, -45.0, -4.0, 3.0, 0.0, -37.0, -15.0, -10.0, -6.0, 21.0, -23.0, -12.0, 8.0, -33.0, -27.0, -27.0, 21.0, 6.0, -1, 1, 4, 1.79
52, 75, 6, 6, 35.0, 45.0, 2.0, 19.0, 14.0, -35.0, -13.0, 9.0, -4.0, -6.0, 10.0, 18.0, 20.0, 37.0, -7.0, 12.0, -24.0, 6.0, 16.0, 10.0, 0.0, -12.0, -47.0, 47.0, 11.0, 40.0, 32.0, 30.0, 23.0, 44.0, 1, 1, 1, 0.458
52, 75, 6, 7, -1.0, -14.0, 5.0, -5.0, 27.0, -10.0, 32.0, -16.0, 4.0, -2.0, -13.0, 35.0, 11.0, 10.0, 12.0, -6.0, 29.0, -9.0, 40.0, -50.0, 9.0, -34.0, -12.0, 9.0, 44.0, 4.0, 83.0, 10.0, -1.0, 25.0, 1, -1, 1, 0.571
52, 75, 6, 8, 38.0, -21.0, 6.0, -6.0, -14.0, -9.0, -12.0, -21.0, 54.0, -1.0, -26.0, -49.0, -1.0, 27.0, 37.0, 9.0, -11.0, 37.0, 41.0, -8.0, 30.0, 6.0, -8.0, 28.0, 53.0, 0.0, 7.0, 16.0, 31.0, 5.0, 1, 1, 0, 0.333
52, 75, 6, 9, -27.0, 19.0, 21.0, 50.0, 21.0, -15.0, -4.0, 18.0, -32.0, -12.0, -17.0, -3.0, -23.0, -33.0, -33.0, 29.0, -11.0, -4.0, -29.0, -3.0, -13.0, -30.0, -46.0, -33.0, -2.0, -85.0, 19.0, 17.0, 22.0, 13.0, -1, -1, 0, 0.277
52, 75, 6, 10, 9.0, -29.0, -12.0, -33.0, -12.0, 11.0, 4.0, -4.0, -27.0, -3.0, -31.0, 1.0, 12.0, -16.0, -31.0, -31.0, -10.0, -22.0, 34.0, -8.0, -51.0, -8.0, -16.0, 10.0, -65.0, 10.0, -11.0, -60.0, -1.0, 9.0, -1, 1, 1, 0.447
52, 75, 6, 11, -20.0, 8.0, 23.0, -12.0, -29.0, -34.0, -12.0, -24.0, -26.0, -26.0, -48.0, -29.0, 3.0, -25.0, 16.0, -6.0, 0.0, -10.0, -69.0, -44.0, -12.0, -4.0, -4.0, -14.0, -47.0, -7.0, 7.0, 6.0, -32.0, -15.0, -1, -1, 0, 0.336
52, 75, 6, 12, 8.0, -25.0, -22.0, -19.0, -1.0, -30.0, -15.0, 13.0, -5.0, -44.0, -14.0, 4.0, -24.0, -42.0, -26.0, -9.0, 1.0, -48.0, -14.0, -18.0, 11.0, -1.0, 5.0, 9.0, -13.0, -39.0, -4.0, -16.0, -14.0, 5.0, -1, 1, 0, 0.31
52, 75, 6, 13, 34.0, -26.0, 15.0, -6.0, 21.0, 14.0, -22.0, 19.0, -10.0, 12.0, -12.0, -19.0, -19.0, -4.0, -13.0, -61.0, 0.0, -7.0, -37.0, 11.0, -2.0, 29.0, -22.0, -54.0, 44.0, -61.0, -16.0, 29.0, -19.0, 34.0, -1, 1, 1, 0.446
52, 75, 6, 14, -45.0, -15.0, 23.0, -3.0, 5.0, 29.0, -5.0, -5.0, -51.0, 18.0, -41.0, 35.0, 19.0, -3.0, 6.0, -10.0, -54.0, 6.0, 31.0, -30.0, -1.0, -31.0, -20.0, -22.0, -8.0, -34.0, -16.0, 23.0, -15.0, 1.0, -1, -1, 1, 0.442
52, 75, 6, 15, -30.0, -14.0, 30.0, -40.0, -55.0, -34.0, -9.0, -44.0, -11.0, -4.0, 13.0, -1.0, -2.0, -6.0, -16.0, -56.0, -20.0, -39.0, -65.0, -14.0, -0.0, -11.0, 14.0, -88.0, 2.0, -20.0, -19.0, 26.0, 6.0, 4.0, -1, -1, 1, 0.457
52, 75, 6, 16, -11.0, -3.0, -5.0, 27.0, 21.0, -20.0, -2.0, 5.0, 21.0, 68.0, -23.0, -51.0, 16.0, 23.0, 8.0, 43.0, -5.0, 37.0, 5.0, 8.0, 10.0, -1.0, 15.0, 1.0, 21.0, 6.0, 39.0, 14.0, -1.0, 9.0, 1, -1, 0, 0.346
52, 75, 6, 17, 13.0, 52.0, -43.0, 28.0, -10.0, -7.0, -30.0, -25.0, 20.0, 14.0, 4.0, 17.0, 6.0, 53.0, -5.0, -3.0, -10.0, -33.0, 12.0, 18.0, 7.0, -8.0, -26.0, 28.0, -0.0, 12.0, 65.0, 6.0, 7.0, -5.0, 1, 1, 1, 0.444
52, 75, 6, 18, -40.0, -28.0, -37.0, 9.0, 37.0, 11.0, 8.0, 15.0, -18.0, -43.0, 14.0, 13.0, -37.0, 18.0, -25.0, -30.0, 12.0, -13.0, -31.0, -16.0, -13.0, -15.0, -5.0, -9.0, -15.0, 11.0, -39.0, 1.0, -32.0, -33.0, -1, -1, 1, 0.453
52, 75, 6, 19, -9.0, -21.0, -6.0, -4.0, -18.0, 0.0, -7.0, 8.0, -6.0, -23.0, 33.0, -12.0, -41.0, 10.0, -46.0, 26.0, -38.0, 46.0, -35.0, 17.0, -25.0, -36.0, -33.0, -19.0, 15.0, 20.0, -41.0, 24.0, 0.0, 9.0, -1, -1, 1, 0.445
52, 75, 6, 20, -21.0, 16.0, 53.0, 76.0, -21.0, 28.0, 10.0, 4.0, -15.0, 32.0, -7.0, 7.0, 44.0, -12.0, -12.0, -10.0, -13.0, -6.0, -0.0, 50.0, 18.0, 45.0, 8.0, 44.0, 22.0, 43.0, 18.0, 9.0, -19.0, -34.0, 1, 1, 0, 0.304
52, 75, 6, 21, -18.0, 27.0, 4.0, -6.0, 15.0, 10.0, 37.0, -5.0, -35.0, -17.0, 13.0, -17.0, -6.0, -6.0, -54.0, 25.0, -25.0, -37.0, 31.0, -32.0, -29.0, 4.0, -12.0, 8.0, -11.0, -66.0, 18.0, 8.0, 55.0, -26.0, -1, -1, 3, 1.394
52, 75, 6, 22, -61.0, -6.0, 2.0, 22.0, 51.0, 9.0, 19.0, -11.0, 4.0, 74.0, -11.0, 18.0, 42.0, 21.0, 31.0, -28.0, 1.0, -28.0, 13.0, -49.0, -18.0, 10.0, -9.0, 18.0, 31.0, 55.0, 6.0, 24.0, -1.0, -37.0, 1, -1, 0, 0.311
52, 75, 6, 23, -0.0, -30.0, 43.0, -2.0, -0.0, -23.0, 29.0, 10.0, -32.0, 2.0, 20.0, -24.0, -26.0, 1.0, 10.0, -34.0, -13.0, -17.0, 8.0, -12.0, -27.0, -17.0, -23.0, 9.0, -11.0, 18.0, 30.0, -55.0, 27.0, 10.0, -1, -1, 2, 0.812
52, 75, 6, 24, -23.0, 38.0, 19.0, 35.0, -17.0, 8.0, 58.0, 59.0, 3.0, -11.0, 26.0, 29.0, 43.0, -10.0, 16.0, 2.0, 8.0, -15.0, -26.0, 27.0, 22.0, -19.0, -8.0, -10.0, 11.0, 14.0, 35.0, 15.0, -22.0, 22.0, 1, -1, 0, 0.338
52, 75, 6, 25, 17.0, 33.0, 1.0, -3.0, 22.0, 38.0, -7.0, -11.0, 6.0, 4.0, -19.0, 28.0, 0.0, -16.0, 15.0, -34.0, -8.0, 16.0, 27.0, 50.0, -19.0, -19.0, 2.0, 44.0, 37.0, -30.0, -3.0, 27.0, 12.0, 9.0, 1, 1, 1, 0.443
52, 75, 6, 26, -47.0, 5.0, 30.0, -39.0, 16.0, -46.0, -58.0, -40.0, -38.0, 5.0, -10.0, 12.0, 12.0, 5.0, 0.0, -57.0, -11.0, 41.0, -16.0, -21.0, -9.0, -25.0, 4.0, 23.0, -6.0, -41.0, 7.0, 32.0, -44.0, 66.0, -1, -1, 0, 0.368
52, 75, 6, 27, 46.0, -21.0, 27.0, -29.0, 64.0, 38.0, -3.0, 8.0, 22.0, -0.0, 29.0, 2.0, 11.0, -11.0, 1.0, 32.0, -17.0, -9.0, -9.0, -23.0, 11.0, 8.0, 10.0, 34.0, 37.0, 26.0, -24.0, -2.0, 6.0, -3.0, 1, 1, 0, 0.363
52, 75, 6, 28, 40.0, -7.0, 16.0, -5.0, -28.0, -23.0, 12.0, 5.0, 7.0, -8.0, -14.0, 31.0, 38.0, -11.0, 13.0, 18.0, 20.0, 27.0, 8.0, 15.0, -33.0, 3.0, -17.0, 14.0, -5.0, 45.0, 38.0, 35.0, 30.0, -3.0, 1, 1, 0, 0.361
52, 75, 6, 29, -18.0, 23.0, -13.0, 40.0, -24.0, 20.0, 4.0, -9.0, -0.0, 1.0, -5.0, -66.0, -9.0, 14.0, 17.0, 0.0, 39.0, 16.0, 11.0, -4.0, -21.0, 19.0, -3.0, 11.0, 10.0, -89.0, -28.0, -6.0, 6.0, -3.0, -1, -1, 1, 0.6
52, 75, 6, 30, 24.0, -28.0, -27.0, -18.0, 34.0, -37.0, 16.0, 28.0, -22.0, 28.0, -32.0, -6.0, 1.0, 24.0, -16.0, -26.0, -49.0, 10.0, 26.0, 1.0, -12.0, -1.0, 17.0, -7.0, -4.0, -17.0, -10.0, -21.0, 13.0, -5.0, -1, 1, 1, 0.445
